0.915
0.886
0.8564
0.8318
0.8268
0.813
0.806
0.7988
0.7868
0.7756
0.7836
0.7802
0.7784
0.7742
0.7772
0.7742
0.773
0.767
0.768
0.7766
0.774
0.7746
0.7656
0.766
0.7638
0.7644
0.7578
0.7686
0.7614
0.7604
0.7584
0.7464
0.7536
0.7514
0.7554
0.7598
0.748
0.751
0.7546
0.7592
0.7586
0.7532
0.7424
0.751
0.7528
0.7484
0.746
0.7576
0.7648
0.7544
0.7456
0.7532
0.7528
0.7486
0.7552
0.7482
0.745
0.7472
0.7506
0.757
0.7578
0.7448
0.7496
0.7504
0.7496
0.7498
0.751
0.7572
0.741
0.752
0.7516
0.7526
0.7482
0.753
0.7404
0.7482
0.7366
0.7526
0.7416
0.753
0.7466
0.7502
0.748
0.744
0.7476
0.7374
0.7392
0.747
0.7548
0.75
0.754
0.756
0.7442
0.749
0.7566
0.732
0.7522
0.7618
0.7498
0.747
0.7434
0.7498
0.7388
0.7464
0.7424
0.7454
0.7464
0.7568
0.7484
0.739
0.7396
0.739
0.7456
0.7524
0.7512
0.7414
0.7434
0.7522
0.7466
0.7412
0.7412
0.745
0.7424
0.7438
0.734
0.7554
0.7414
0.742
0.7476
0.733
0.7514
0.7458
0.7534
0.731
0.745
0.747
0.7412
0.7538
0.7452
0.7538
0.7426
0.7426
0.7406
0.7558
0.7432
0.7512
0.7338
0.7484
0.74
0.7412
0.7536
0.7402
0.739
0.7428
0.7452
0.7426
0.7398
0.748
0.7454
0.7394
0.7462
0.7486
0.743
0.7492
0.7466
0.7332
0.7308
0.7508
0.749
0.7348
0.7476
0.744
0.7432
0.7352
0.7406
0.7434
0.728
0.7432
0.7306
0.7402
0.7414
0.742
0.7434
0.748
0.7364
0.7338
0.7436
0.7394
0.745
0.742
0.7422
0.7392
0.7422
0.7476
0.7438
0.7478
0.748
0.7492
0.7388
0.7476
0.7318
0.7536
0.7484
0.7434
0.7486
0.756
0.7492
0.7336
0.7484
0.7396
0.738
0.7386
0.7442
0.7438
0.7406
0.7478
0.7442
0.7592
0.7392
0.7516
0.7538
0.7436
0.7416
0.7406
0.7556
0.7404
0.7496
0.7518
0.7446
0.746
0.7446
0.7442
0.7428
0.7406
0.7442
0.7444
0.7398
0.7486
0.7414
0.7536
0.7488
0.7364
0.7418
0.743
0.7408
0.7442
0.749
0.7348
0.7462
0.7416
0.7468
0.7418
0.7438
0.7438
0.752
0.746
0.7422
0.7354
0.7324
0.7332
0.7344
0.7464
0.735
0.7484
0.738
0.7396
0.7424
0.7388
0.7426
0.7472
0.7464
0.7434
0.7448
0.7548
0.7464
0.7474
0.7414
0.7394
0.738
0.732
0.7496
0.754
0.74
0.7516
0.742
0.7356
0.7506
0.746
0.7272
0.7434
0.7314
0.7448
0.7466
0.7466
0.7476
0.749
0.7314
0.7416
0.7378
0.7398
0.7502
0.7386
0.7362
0.746749349869974
