0.907
0.8984
0.883
0.856
0.8448
0.8456
0.8186
0.8236
0.805
0.7894
0.7938
0.8002
0.79
0.7894
0.7936
0.7884
0.7924
0.7818
0.7788
0.7882
0.7806
0.778
0.7706
0.7748
0.7702
0.7694
0.7662
0.7758
0.7638
0.7698
0.7674
0.7566
0.763
0.7622
0.7676
0.7666
0.7566
0.7606
0.7666
0.7638
0.7624
0.7636
0.754
0.7614
0.7632
0.7562
0.7548
0.766
0.7706
0.7598
0.7522
0.7628
0.7618
0.7542
0.7574
0.7538
0.7524
0.7492
0.756
0.7678
0.7632
0.7478
0.7578
0.7556
0.7522
0.7528
0.7558
0.7622
0.7514
0.7572
0.7618
0.7556
0.7548
0.7612
0.751
0.7526
0.7426
0.7602
0.7482
0.7668
0.7556
0.7522
0.7526
0.7524
0.7538
0.7418
0.7426
0.7536
0.7646
0.7596
0.7542
0.761
0.7532
0.7574
0.763
0.7366
0.757
0.7678
0.7566
0.7512
0.7484
0.7518
0.7454
0.746
0.7462
0.7552
0.7496
0.7618
0.7546
0.7468
0.7438
0.7488
0.757
0.755
0.754
0.743
0.7508
0.7514
0.7536
0.7396
0.748
0.7548
0.7454
0.7472
0.738
0.7582
0.7474
0.7434
0.7506
0.7382
0.7602
0.7492
0.7586
0.7352
0.7488
0.7438
0.7452
0.754
0.754
0.7492
0.7458
0.7498
0.7466
0.7554
0.7462
0.7568
0.7374
0.7564
0.7426
0.7496
0.7522
0.7438
0.7464
0.7486
0.7494
0.7426
0.7476
0.7514
0.7498
0.744
0.7476
0.7488
0.7472
0.753
0.7498
0.7344
0.7384
0.7604
0.7544
0.7418
0.7484
0.7488
0.7492
0.741
0.7438
0.7494
0.733
0.7486
0.738
0.7506
0.7464
0.753
0.7444
0.7546
0.7428
0.7422
0.7526
0.7426
0.7466
0.7464
0.7524
0.7436
0.746
0.758
0.747
0.7474
0.7498
0.748
0.751
0.7508
0.74
0.7586
0.7586
0.744
0.7552
0.7546
0.7528
0.7372
0.7516
0.7432
0.7406
0.744
0.7504
0.7526
0.7424
0.752
0.7458
0.761
0.7458
0.7566
0.7538
0.7558
0.744
0.7456
0.7606
0.7454
0.7502
0.7588
0.747
0.752
0.744
0.749
0.7452
0.7456
0.7466
0.7534
0.7408
0.753
0.7452
0.7566
0.7528
0.7386
0.7432
0.7516
0.7428
0.7518
0.7556
0.7366
0.7494
0.7436
0.749
0.7492
0.7472
0.7482
0.7588
0.7508
0.7506
0.7442
0.74
0.7406
0.7372
0.7488
0.7408
0.7496
0.743
0.7438
0.7438
0.7464
0.7436
0.749
0.7516
0.7454
0.7454
0.756
0.7468
0.7538
0.7474
0.7458
0.738
0.743
0.7562
0.759
0.7444
0.7574
0.7424
0.7402
0.751
0.7466
0.7318
0.7486
0.7356
0.7508
0.7492
0.7508
0.7502
0.7524
0.737
0.748
0.7504
0.7438
0.7494
0.7462
0.7388
0.7483496699339868
