0.8458
0.875
0.8774
0.8706
0.8724
0.882
0.8664
0.8806
0.861
0.8816
0.8828
0.876
0.8814
0.8826
0.8818
0.883
0.8762
0.8764
0.8736
0.882
0.885
0.8792
0.8806
0.87
0.869
0.8652
0.874
0.884
0.8848
0.8578
0.8796
0.8718
0.8848
0.876
0.8754
0.8634
0.8814
0.8768
0.884
0.869
0.8772
0.8782
0.8652
0.8546
0.877
0.8718
0.8842
0.866
0.8734
0.888
0.8682
0.8768
0.8654
0.8714
0.867
0.8664
0.8736
0.8754
0.8774
0.8824
0.8734
0.8718
0.865
0.8676
0.874
0.8662
0.865
0.8848
0.876
0.8844
0.8782
0.8698
0.8698
0.869
0.8796
0.8746
0.8602
0.8676
0.8744
0.8614
0.875
0.868
0.8672
0.8836
0.8798
0.8576
0.8762
0.8684
0.8796
0.8784
0.8778
0.8676
0.8776
0.8722
0.8602
0.865
0.8712
0.8664
0.8678
0.8616
0.8664
0.8636
0.8712
0.8734
0.8584
0.8562
0.8728
0.8742
0.879
0.875
0.8734
0.873
0.8718
0.8716
0.86
0.8724
0.8746
0.874
0.8712
0.862
0.8666
0.866
0.8756
0.8696
0.8702
0.8824
0.87
0.8788
0.8726
0.8644
0.8752
0.8732
0.8776
0.8648
0.8574
0.8558
0.8728
0.8596
0.881
0.8664
0.8736
0.8792
0.8826
0.8814
0.8642
0.8636
0.869
0.8652
0.863
0.868
0.8696
0.8692
0.8728
0.8544
0.8736
0.861
0.867
0.8818
0.8704
0.871
0.8722
0.877
0.8822
0.8678
0.8526
0.8658
0.8674
0.876
0.8744
0.866
0.8698
0.8574
0.8732
0.8718
0.88
0.8734
0.8604
0.869
0.8698
0.8656
0.8722
0.8776
0.875
0.872
0.868
0.8676
0.8716
0.877
0.8804
0.8628
0.8762
0.8692
0.874
0.8818
0.8704
0.868
0.8742
0.8694
0.8698
0.8698
0.8728
0.8508
0.8792
0.8564
0.8772
0.8728
0.874
0.857
0.8726
0.8668
0.8728
0.856
0.859
0.874
0.8802
0.8804
0.869
0.8772
0.8808
0.8812
0.866
0.872
0.8674
0.866
0.8686
0.8496
0.8714
0.8586
0.8634
0.863
0.8638
0.8694
0.8762
0.863
0.8812
0.8726
0.8668
0.8678
0.8668
0.865
0.8608
0.8694
0.8606
0.873
0.8688
0.8802
0.8702
0.8732
0.872
0.8638
0.8766
0.866
0.881
0.8784
0.882
0.8764
0.8674
0.858
0.8818
0.8724
0.87
0.8808
0.8754
0.8782
0.8562
0.8694
0.8672
0.874
0.879
0.8558
0.879
0.8688
0.8668
0.8786
0.8606
0.8702
0.8712
0.8756
0.8626
0.8622
0.8698
0.8752
0.8708
0.8766
0.8706
0.8588
0.8756
0.8666
0.8698
0.8652
0.8626
0.8764
0.8588
0.8738
0.8704
0.8798
0.867
0.865
0.8748
0.8718
0.8814
0.856
0.8748
0.8591718343668734
