0.961
0.9388
0.924
0.905
0.9014
0.8958
0.8864
0.8906
0.8714
0.863
0.8674
0.8674
0.86
0.8418
0.8548
0.848
0.8486
0.8372
0.8386
0.842
0.837
0.8322
0.835
0.8312
0.8284
0.8314
0.814
0.8204
0.8244
0.8208
0.8276
0.8108
0.8078
0.809
0.8132
0.8094
0.8054
0.8062
0.8044
0.8168
0.8102
0.8128
0.8024
0.7994
0.8018
0.7956
0.8032
0.806
0.8104
0.8052
0.7976
0.8024
0.796
0.788
0.8008
0.7952
0.784
0.7926
0.7922
0.8038
0.7882
0.788
0.7892
0.7886
0.792
0.7862
0.7938
0.795
0.7798
0.7896
0.7946
0.7904
0.79
0.7932
0.7862
0.7874
0.7776
0.7848
0.785
0.7858
0.7848
0.7814
0.7794
0.7786
0.783
0.7766
0.7776
0.7768
0.789
0.784
0.7782
0.7832
0.7784
0.7848
0.7932
0.7698
0.7876
0.7898
0.7878
0.7832
0.7798
0.7818
0.779
0.7816
0.7722
0.7814
0.7748
0.7872
0.775
0.7686
0.7772
0.775
0.781
0.7894
0.78
0.7726
0.774
0.7768
0.7728
0.773
0.7738
0.7738
0.7758
0.7718
0.77
0.781
0.7776
0.7762
0.7708
0.766
0.7802
0.773
0.7854
0.7622
0.7766
0.7688
0.7682
0.7754
0.7746
0.7832
0.775
0.7746
0.7734
0.7828
0.7794
0.7784
0.7612
0.7756
0.7688
0.7672
0.7742
0.7682
0.7676
0.7742
0.7698
0.7648
0.7768
0.7684
0.7792
0.7652
0.7704
0.7734
0.7604
0.7734
0.783
0.7632
0.7538
0.7834
0.7804
0.7656
0.7704
0.7684
0.775
0.7554
0.7672
0.7662
0.7604
0.7838
0.76
0.7704
0.7662
0.7732
0.7712
0.7734
0.7668
0.7682
0.769
0.768
0.7678
0.7678
0.7636
0.7688
0.767
0.7724
0.7684
0.7672
0.7608
0.7732
0.7684
0.7616
0.7654
0.7606
0.774
0.7728
0.7734
0.7686
0.7722
0.7672
0.7716
0.759
0.7616
0.7668
0.7684
0.7682
0.767
0.766
0.7734
0.7768
0.7664
0.7722
0.7666
0.77
0.7624
0.7596
0.768
0.7586
0.773
0.7734
0.762
0.7666
0.7636
0.7664
0.7662
0.7652
0.7638
0.7668
0.77
0.774
0.7622
0.772
0.7678
0.7596
0.7602
0.7608
0.7688
0.7702
0.762
0.7644
0.77
0.7618
0.7698
0.7604
0.7692
0.772
0.7796
0.7628
0.7628
0.76
0.7502
0.766
0.7636
0.7704
0.7616
0.7676
0.7686
0.7604
0.7636
0.7676
0.7702
0.763
0.7648
0.7572
0.769
0.781
0.7692
0.7662
0.755
0.7644
0.7546
0.7586
0.7682
0.763
0.7656
0.7686
0.7574
0.7598
0.7648
0.7632
0.7558
0.77
0.7524
0.7626
0.764
0.7718
0.7738
0.7714
0.7484
0.7682
0.7642
0.7676
0.7564
0.7662
0.76
0.7625525105021004
