0.975
0.9596
0.9464
0.9284
0.9222
0.9164
0.9056
0.9098
0.8902
0.8842
0.881
0.8812
0.8722
0.8548
0.8672
0.8592
0.8598
0.8474
0.8466
0.8494
0.8474
0.8404
0.8428
0.8394
0.8364
0.8398
0.8188
0.8284
0.8312
0.8254
0.832
0.819
0.8152
0.8144
0.8156
0.8126
0.8114
0.809
0.8086
0.8184
0.8108
0.8168
0.8074
0.804
0.8052
0.7988
0.8038
0.8072
0.814
0.806
0.7996
0.8054
0.7978
0.791
0.801
0.797
0.7868
0.7952
0.7942
0.8068
0.7882
0.7898
0.7908
0.79
0.7934
0.7882
0.795
0.7976
0.7824
0.7912
0.7948
0.791
0.7876
0.7938
0.7886
0.7874
0.7788
0.784
0.786
0.7864
0.7848
0.7818
0.783
0.7786
0.7846
0.778
0.7782
0.7756
0.7882
0.7842
0.7782
0.7844
0.778
0.7862
0.795
0.7714
0.7878
0.7908
0.787
0.7828
0.7792
0.783
0.7786
0.7806
0.7736
0.7818
0.7746
0.787
0.776
0.7682
0.7766
0.776
0.7784
0.789
0.78
0.7736
0.7736
0.7794
0.7734
0.7756
0.7744
0.7746
0.7754
0.7722
0.7726
0.7814
0.7786
0.7782
0.7696
0.7662
0.7802
0.7736
0.7854
0.7616
0.7766
0.7668
0.7678
0.7754
0.7758
0.7828
0.7752
0.7756
0.7744
0.7822
0.78
0.779
0.761
0.777
0.7678
0.7674
0.774
0.7672
0.7658
0.7722
0.7704
0.7646
0.776
0.7674
0.7796
0.7646
0.77
0.7738
0.7608
0.7728
0.7822
0.7638
0.7552
0.7836
0.7802
0.7648
0.772
0.7688
0.7766
0.7552
0.7672
0.7658
0.761
0.784
0.7622
0.7712
0.7656
0.7742
0.7708
0.7746
0.7656
0.7688
0.769
0.7678
0.7684
0.7684
0.7642
0.7688
0.7676
0.7732
0.7684
0.7672
0.76
0.7724
0.7686
0.7618
0.7658
0.7604
0.7748
0.7722
0.7736
0.7674
0.7718
0.7674
0.772
0.7578
0.7622
0.7668
0.7686
0.768
0.7666
0.7654
0.7738
0.7762
0.7668
0.7724
0.766
0.7698
0.7624
0.7592
0.7674
0.7588
0.7734
0.7726
0.7626
0.7662
0.7632
0.7666
0.7658
0.7654
0.7644
0.7664
0.771
0.7742
0.7622
0.7718
0.7662
0.7602
0.7608
0.7606
0.7688
0.7704
0.7622
0.7644
0.7702
0.7618
0.7694
0.7606
0.7696
0.7716
0.7794
0.7632
0.7636
0.7592
0.751
0.766
0.7634
0.7708
0.7608
0.767
0.7684
0.7596
0.7628
0.7678
0.77
0.7622
0.7646
0.7578
0.7696
0.781
0.7688
0.7664
0.756
0.765
0.7546
0.7594
0.7682
0.7626
0.7656
0.7686
0.7576
0.7598
0.7646
0.7636
0.7552
0.7694
0.752
0.7628
0.7646
0.772
0.7734
0.7718
0.748
0.768
0.7648
0.7688
0.7568
0.7664
0.7598
0.7629525905181036
