0.8886
0.8794
0.8798
0.8678
0.8726
0.8706
0.8626
0.8704
0.8516
0.8564
0.8632
0.8638
0.8648
0.8592
0.8582
0.8596
0.862
0.8576
0.8568
0.8608
0.8648
0.8562
0.8562
0.8594
0.8518
0.857
0.8526
0.8562
0.859
0.8518
0.854
0.8492
0.8592
0.8522
0.8614
0.8544
0.8492
0.8578
0.8524
0.861
0.855
0.8564
0.8324
0.8494
0.8578
0.8432
0.851
0.8504
0.8582
0.8528
0.8472
0.8474
0.8424
0.8414
0.8492
0.8468
0.851
0.8532
0.843
0.8516
0.845
0.8456
0.8534
0.8532
0.8536
0.842
0.851
0.8556
0.8456
0.8556
0.8592
0.8504
0.8426
0.8514
0.8486
0.8532
0.8432
0.848
0.8486
0.8518
0.853
0.8466
0.8396
0.8442
0.8478
0.8482
0.8446
0.8472
0.8596
0.8442
0.8482
0.8486
0.838
0.8496
0.8512
0.844
0.8448
0.8608
0.8476
0.8456
0.8434
0.8488
0.8464
0.8594
0.8412
0.8524
0.8384
0.851
0.847
0.8416
0.8354
0.846
0.8476
0.8432
0.847
0.8324
0.8458
0.8514
0.8436
0.8456
0.8456
0.8476
0.845
0.8452
0.8408
0.8458
0.8466
0.8472
0.8456
0.8424
0.8472
0.8428
0.8558
0.8336
0.8408
0.8318
0.8418
0.8512
0.8436
0.8482
0.8428
0.8484
0.8414
0.8508
0.8494
0.8494
0.833
0.8428
0.8414
0.8434
0.8382
0.851
0.8394
0.8464
0.8518
0.8394
0.8432
0.8468
0.8584
0.8448
0.843
0.8492
0.8392
0.8468
0.8528
0.8342
0.8328
0.845
0.8456
0.8432
0.8438
0.8424
0.8484
0.8426
0.8532
0.8386
0.8376
0.8526
0.8364
0.8384
0.8376
0.8476
0.8496
0.844
0.8466
0.837
0.849
0.8464
0.8482
0.8392
0.8462
0.8396
0.8428
0.8526
0.8402
0.8496
0.8454
0.8442
0.8474
0.8474
0.842
0.839
0.8522
0.8382
0.8422
0.8406
0.8488
0.8464
0.8448
0.8358
0.8406
0.8388
0.841
0.8402
0.8432
0.8528
0.8426
0.8534
0.8474
0.8484
0.8436
0.8564
0.8386
0.8438
0.85
0.8328
0.8406
0.8502
0.8398
0.838
0.835
0.8404
0.8444
0.8428
0.845
0.844
0.8424
0.839
0.8424
0.854
0.837
0.847
0.8428
0.8448
0.838
0.8502
0.8486
0.8368
0.843
0.8406
0.8428
0.8346
0.8472
0.8434
0.8514
0.8444
0.8388
0.8414
0.8348
0.8456
0.8442
0.844
0.842
0.844
0.8426
0.8418
0.8396
0.8424
0.8408
0.8388
0.848
0.8356
0.8428
0.8462
0.84
0.8508
0.8454
0.8442
0.8368
0.8444
0.8472
0.845
0.84
0.851
0.84
0.8428
0.8484
0.8422
0.8404
0.8434
0.8322
0.8452
0.8408
0.8402
0.8444
0.8498
0.8342
0.8468
0.8434
0.8476
0.848
0.8388
0.8386
0.8481696339267853
