0.9316
0.9264
0.9256
0.9186
0.9142
0.9106
0.9132
0.9212
0.8942
0.9052
0.9042
0.9092
0.9002
0.9
0.9048
0.9008
0.904
0.9014
0.9072
0.9044
0.9118
0.8922
0.9002
0.9004
0.8934
0.8948
0.899
0.9058
0.898
0.8964
0.9004
0.8954
0.896
0.888
0.9008
0.8928
0.889
0.899
0.8992
0.8952
0.8912
0.8956
0.8878
0.886
0.9
0.89
0.8926
0.891
0.8988
0.8972
0.8822
0.8876
0.8906
0.8872
0.8906
0.8834
0.8964
0.8918
0.899
0.886
0.883
0.8858
0.8868
0.8884
0.8872
0.8824
0.8852
0.8912
0.8862
0.8946
0.894
0.8908
0.88
0.887
0.8854
0.8922
0.8858
0.8888
0.8848
0.8862
0.8874
0.8858
0.88
0.8808
0.8902
0.8752
0.8896
0.8856
0.8946
0.885
0.889
0.8914
0.8744
0.892
0.8806
0.8808
0.8818
0.892
0.887
0.8804
0.889
0.8834
0.8792
0.8954
0.8784
0.8838
0.8848
0.8852
0.896
0.885
0.8824
0.89
0.8916
0.8846
0.8894
0.8748
0.888
0.8864
0.8828
0.8816
0.8872
0.8866
0.8852
0.8842
0.8812
0.8862
0.879
0.8866
0.8866
0.88
0.8868
0.8824
0.8962
0.8752
0.8778
0.8748
0.8776
0.8902
0.887
0.8766
0.8834
0.8866
0.8878
0.891
0.8882
0.8906
0.8738
0.8844
0.8806
0.8788
0.8804
0.89
0.874
0.8822
0.8826
0.877
0.8798
0.8816
0.8912
0.883
0.8828
0.8846
0.8766
0.8822
0.8896
0.866
0.8822
0.8886
0.886
0.8838
0.8764
0.8756
0.8908
0.8812
0.892
0.8846
0.8794
0.8896
0.873
0.877
0.8824
0.8816
0.8864
0.885
0.8836
0.8756
0.882
0.886
0.8906
0.8784
0.8688
0.8812
0.884
0.8894
0.8778
0.8814
0.8894
0.8818
0.8878
0.8902
0.8794
0.8812
0.8936
0.8774
0.8852
0.8812
0.8832
0.8782
0.8784
0.8822
0.8796
0.876
0.8762
0.8778
0.878
0.8868
0.8828
0.8866
0.8906
0.8892
0.8818
0.8918
0.8772
0.883
0.8872
0.8772
0.8858
0.8846
0.8702
0.8826
0.8756
0.8786
0.8866
0.8772
0.8896
0.884
0.8828
0.8788
0.8854
0.8904
0.8744
0.8922
0.8806
0.8832
0.8804
0.8886
0.889
0.875
0.8856
0.8854
0.8764
0.877
0.887
0.8854
0.8926
0.8804
0.8778
0.8824
0.8828
0.881
0.8778
0.8816
0.8822
0.8824
0.8704
0.8828
0.8812
0.8808
0.8806
0.8748
0.8832
0.872
0.8798
0.889
0.8788
0.8852
0.8806
0.8882
0.8768
0.875
0.8862
0.8788
0.8786
0.8838
0.8836
0.8786
0.885
0.8814
0.8762
0.8802
0.8732
0.8788
0.8784
0.879
0.8848
0.879
0.8778
0.8882
0.8866
0.8872
0.8946
0.8834
0.8794
0.8835767153430686
