0.9528
0.9432
0.9224
0.8912
0.8752
0.8736
0.8568
0.8272
0.836
0.8292
0.826
0.8184
0.8012
0.8064
0.8044
0.806
0.7888
0.7808
0.7708
0.7908
0.7896
0.7804
0.7832
0.7784
0.7832
0.7776
0.7672
0.7772
0.7688
0.7876
0.7756
0.7816
0.7696
0.7844
0.7612
0.7764
0.782
0.7588
0.7788
0.7704
0.7704
0.7788
0.7804
0.7676
0.7576
0.7684
0.7744
0.7616
0.7608
0.7672
0.758
0.774
0.7524
0.7692
0.7764
0.7656
0.7552
0.7632
0.762
0.758
0.7572
0.7556
0.7488
0.7476
0.748
0.7552
0.7356
0.7688
0.7512
0.7616
0.766
0.7512
0.7548
0.7384
0.7504
0.7576
0.7544
0.7544
0.7576
0.76
0.754
0.758
0.758
0.752
0.7428
0.7408
0.752
0.7508
0.7592
0.7476
0.7512
0.7448
0.746
0.7468
0.7704
0.7496
0.7724
0.7588
0.7504
0.758
0.7532
0.7344
0.7508
0.7568
0.7564
0.7484
0.7468
0.7512
0.7652
0.7456
0.7436
0.7528
0.7428
0.746
0.7476
0.748
0.76
0.7424
0.7544
0.7584
0.76
0.756
0.7444
0.7444
0.7448
0.7548
0.7452
0.756
0.7576
0.7404
0.7604
0.7392
0.7504
0.7504
0.7572
0.7564
0.748
0.736
0.7448
0.7576
0.7408
0.7628
0.7524
0.754
0.7388
0.758
0.7568
0.7468
0.7376
0.7436
0.768
0.73
0.7376
0.7368
0.7652
0.7428
0.732
0.7516
0.7536
0.7524
0.7516
0.7412
0.7544
0.7452
0.7632
0.7324
0.7312
0.7584
0.7452
0.7484
0.7316
0.7408
0.7276
0.7492
0.7368
0.758
0.754
0.756
0.7544
0.7444
0.7476
0.7596
0.7596
0.754
0.7488
0.7396
0.7512
0.748
0.746
0.7676
0.7352
0.7312
0.748
0.7564
0.7644
0.7588
0.748
0.7504
0.742
0.7524
0.7456
0.7428
0.758
0.7436
0.7448
0.7336
0.7472
0.7468
0.7552
0.7288
0.752
0.7396
0.7384
0.7544
0.7512
0.7624
0.7452
0.752
0.7476
0.7304
0.7388
0.74
0.736
0.744
0.7336
0.7588
0.7548
0.75
0.7604
0.7408
0.7504
0.734
0.7404
0.7472
0.7544
0.75
0.7556
0.7384
0.7448
0.7376
0.7504
0.7328
0.744
0.744
0.7468
0.7388
0.7488
0.7384
0.7356
0.7316
0.7616
0.75
0.7428
0.7412
0.7416
0.7436
0.7572
0.7372
0.7376
0.7248
0.7516
0.7528
0.74
0.7504
0.7392
0.7668
0.7276
0.7336
0.7436
0.7472
0.736
0.7572
0.7528
0.7292
0.756
0.7524
0.7492
0.7412
0.7532
0.752
0.7488
0.7376
0.746
0.7388
0.7348
0.7464
0.7572
0.7552
0.7404
0.7456
0.7592
0.7428
0.7376
0.732
0.7444
0.7528
0.7408
0.7388
0.7376
0.744
0.746
0.762
0.7392
0.742
0.7424
0.736
0.752
0.7348
0.7388
0.7524
0.7456
0.7396
0.7288
0.7524
0.7452
0.7504
0.7432
0.7468
0.7424
0.7376
0.7436
0.748
0.742
0.7548
0.746
0.7412
0.7524
0.7468
0.7324
0.7596
0.7424
0.7244
0.7328
0.7284
0.746
0.754
0.7584
0.7412
0.7376
0.7348
0.746
0.75
0.7448
0.7444
0.7412
0.7444
0.7456
0.7228
0.7336
0.7484
0.7544
0.7336
0.7372
0.7192
0.7508
0.7348
0.7376
0.7224
0.732
0.7488
0.7312
0.7524
0.7424
0.7416
0.7292
0.7568
0.7492
0.7464
0.7376
0.7344
0.7404
0.7272
0.7336
0.7532
0.7464
0.7328
0.7376
0.7528
0.7424
0.742
0.7496
0.7348
0.7472
0.7308
0.7324
0.7524
0.748
0.748
0.7472
0.7412
0.7452
0.75
0.7324
0.7628
0.7448
0.7524
0.7356
0.7432
0.7448
0.7516
0.7284
0.7364
0.7592
0.7468
0.7376
0.7596
0.7436
0.7432
0.742
0.7564
0.7592
0.7528
0.7528
0.7468
0.734
0.7332
0.7504
0.7472
0.7456
0.734
0.7296
0.7436
0.7396
0.7376
0.7484
0.74
0.7308
0.7576
0.7372
0.7428
0.7428
0.754
0.7456
0.7428
0.7672
0.7536
0.7408
0.738
0.7544
0.7508
0.7552
0.752
0.7396
0.7472
0.7304
0.7532
0.7308
0.7492
0.7672
0.744
0.7428
0.7392
0.746
0.7524
0.7648
0.738
0.7424
0.7456
0.7472
0.7444
0.7484
0.7404
0.7436
0.7456
0.7332
0.7528
0.738
0.7428
0.736
0.7524
0.746
0.7428
0.7384
0.7412
0.7424
0.756
0.7428
0.7412
0.7488
0.7596
0.7436
0.754
0.7228
0.7504
0.738
0.7476
0.736
0.7504
0.7372
0.7448
0.7456
0.7436
0.7452
0.7524
0.7356
0.734
0.75
0.7424
0.7464
0.7376
0.748
0.7464
0.7412
0.742
0.75
0.7368
0.7404
0.7476
0.7432
0.7616
0.7476
0.7436
0.7508
0.7352
0.7188
0.7508
0.7252
0.7392
0.7328
0.732
0.7372
0.73
0.7532
0.7392
0.732
0.7376
0.7552
0.742
0.7324
0.7432
0.7404
0.7384
0.7408
0.7444
0.7392
0.7384
0.7372
0.748
0.7432
0.7504
0.7468
0.7464
0.7412
0.7448
0.7368
0.7528
0.7508
0.7584
0.742
0.7508
0.7524
0.7424
0.7392
0.7432
0.746
0.7332
0.7396
0.7364
0.7284
0.7352
0.7492
0.7492
0.7628
0.7456
0.744
0.736
0.7516
0.7528
0.7448
0.7396
0.732
0.7388
0.7432
0.7572
0.7484
0.7436
0.7204
0.7344
0.7364
0.75
0.7264
0.7352
0.7336
0.7576
0.7504
0.7428
0.7424
0.7504
0.756
0.7388
0.7516
0.746
0.7312
0.7316
0.7596
0.724
0.7396
0.7352
0.744
0.7352
0.7472
0.7544
0.7404
0.7384
0.7412
0.7312
0.75
0.7442977190876351
