0.9256
0.9328
0.9224
0.9168
0.902
0.8952
0.882
0.8524
0.8584
0.856
0.8584
0.8428
0.8188
0.8188
0.8284
0.8232
0.808
0.8064
0.7868
0.7968
0.8068
0.7928
0.7992
0.7976
0.7996
0.7916
0.784
0.7964
0.7904
0.7984
0.7852
0.7864
0.7868
0.7912
0.7752
0.7872
0.7884
0.7756
0.7888
0.7788
0.7792
0.7872
0.7812
0.7752
0.768
0.7756
0.7788
0.7748
0.7696
0.7732
0.7604
0.7784
0.7628
0.774
0.7832
0.7668
0.7604
0.7704
0.7696
0.7668
0.7652
0.768
0.7556
0.754
0.7656
0.7608
0.746
0.7788
0.7608
0.7708
0.7732
0.7632
0.764
0.7536
0.7624
0.7616
0.7692
0.7608
0.7672
0.7628
0.7568
0.77
0.7624
0.7644
0.7512
0.7512
0.7624
0.7624
0.7632
0.7648
0.758
0.758
0.7568
0.7552
0.7748
0.7604
0.7792
0.7624
0.754
0.7692
0.7536
0.7488
0.7636
0.7632
0.7636
0.7596
0.7568
0.752
0.7672
0.7468
0.7484
0.7588
0.7504
0.7524
0.7504
0.7492
0.7644
0.744
0.7652
0.7652
0.7644
0.7616
0.7492
0.748
0.7528
0.7644
0.752
0.7584
0.762
0.7424
0.762
0.748
0.7608
0.7544
0.7644
0.7572
0.766
0.7392
0.7548
0.76
0.7488
0.7712
0.758
0.7504
0.7444
0.7664
0.7672
0.7604
0.7548
0.7508
0.7712
0.732
0.7428
0.7428
0.7652
0.7516
0.7368
0.7612
0.7728
0.7624
0.7592
0.7512
0.7592
0.746
0.7664
0.7364
0.74
0.766
0.7492
0.7584
0.738
0.7456
0.7376
0.752
0.7396
0.7708
0.7652
0.764
0.7612
0.7572
0.7504
0.7572
0.7704
0.7484
0.7572
0.7488
0.7596
0.7548
0.7576
0.7688
0.7376
0.7376
0.75
0.7604
0.7664
0.7684
0.7524
0.7616
0.7396
0.7612
0.754
0.7428
0.7584
0.7476
0.752
0.7388
0.7444
0.7456
0.7528
0.7388
0.7616
0.7492
0.7412
0.7596
0.7588
0.7652
0.7556
0.754
0.7588
0.7392
0.7436
0.7432
0.7456
0.7492
0.7412
0.7716
0.7612
0.7504
0.7632
0.7476
0.7496
0.7372
0.7468
0.7544
0.7572
0.7436
0.7632
0.7436
0.7464
0.7364
0.7552
0.7436
0.7496
0.7564
0.752
0.7416
0.7488
0.7464
0.7368
0.7404
0.762
0.7572
0.7456
0.7468
0.74
0.7444
0.7624
0.7392
0.738
0.7372
0.7564
0.7612
0.7448
0.754
0.7496
0.7688
0.7284
0.7396
0.7432
0.7544
0.7372
0.7532
0.7612
0.7268
0.7552
0.7528
0.7568
0.7536
0.748
0.7524
0.7544
0.7348
0.754
0.7464
0.7356
0.7564
0.7572
0.754
0.7408
0.7516
0.762
0.7492
0.7356
0.7384
0.7604
0.752
0.736
0.7468
0.7472
0.7516
0.7432
0.7628
0.7468
0.7404
0.7508
0.74
0.754
0.7424
0.74
0.76
0.7488
0.7396
0.7392
0.7556
0.7476
0.7552
0.7456
0.7508
0.7464
0.742
0.742
0.7528
0.7376
0.7612
0.75
0.7464
0.758
0.7468
0.7472
0.7532
0.742
0.7276
0.7408
0.7372
0.754
0.7644
0.7612
0.7452
0.7504
0.7328
0.7472
0.7524
0.7464
0.7524
0.7444
0.7512
0.7536
0.7304
0.7332
0.754
0.7616
0.7384
0.7456
0.7224
0.7596
0.738
0.744
0.7316
0.7488
0.7508
0.7388
0.754
0.7592
0.7484
0.7348
0.7564
0.7568
0.7504
0.7384
0.7484
0.7488
0.738
0.7456
0.7596
0.7476
0.7372
0.736
0.7584
0.7444
0.7468
0.756
0.7464
0.7464
0.7404
0.734
0.76
0.7604
0.7552
0.7492
0.7464
0.746
0.75
0.7304
0.7672
0.7416
0.754
0.7488
0.7524
0.7444
0.7556
0.7352
0.7456
0.7696
0.7488
0.7492
0.7676
0.7432
0.7464
0.7476
0.762
0.754
0.7552
0.7564
0.7488
0.7368
0.7392
0.7492
0.7524
0.7492
0.7388
0.7364
0.746
0.7444
0.7436
0.7508
0.75
0.7384
0.7672
0.7448
0.7416
0.7488
0.7544
0.7536
0.7376
0.766
0.7548
0.7512
0.74
0.7588
0.756
0.7588
0.7436
0.7508
0.7608
0.734
0.7528
0.734
0.756
0.7708
0.7488
0.7456
0.7452
0.7496
0.7492
0.7704
0.7464
0.7416
0.7528
0.7472
0.7572
0.7492
0.7404
0.7492
0.75
0.7348
0.7564
0.744
0.7456
0.7424
0.75
0.7596
0.7472
0.7412
0.7404
0.75
0.7556
0.7456
0.7456
0.7532
0.7592
0.7452
0.7604
0.7248
0.7528
0.736
0.7504
0.7444
0.7564
0.74
0.748
0.7572
0.7432
0.7596
0.7512
0.7368
0.7352
0.7532
0.744
0.7476
0.7412
0.7492
0.7484
0.7516
0.746
0.7456
0.7496
0.7428
0.7556
0.7524
0.766
0.7492
0.7508
0.7504
0.7512
0.7308
0.7584
0.7312
0.75
0.742
0.7388
0.7352
0.7384
0.7536
0.7448
0.7392
0.7432
0.7604
0.7416
0.74
0.7448
0.7452
0.7436
0.7456
0.7428
0.7476
0.7456
0.7404
0.7476
0.7472
0.7504
0.746
0.7568
0.7408
0.7508
0.7372
0.7544
0.7568
0.756
0.7456
0.7496
0.7588
0.7472
0.7508
0.744
0.7496
0.7428
0.7412
0.7348
0.746
0.7412
0.7596
0.7524
0.7716
0.7484
0.7496
0.7368
0.76
0.754
0.7432
0.7432
0.7372
0.7436
0.7496
0.752
0.746
0.7476
0.73
0.7328
0.7388
0.7588
0.7344
0.7392
0.7416
0.76
0.754
0.7448
0.7492
0.7528
0.7564
0.7436
0.752
0.7536
0.7392
0.736
0.7608
0.7376
0.7516
0.7492
0.7448
0.7416
0.7496
0.75
0.7468
0.7444
0.744
0.7344
0.7552
0.7398959583833533
