0.8152
0.8708
0.8844
0.8868
0.8796
0.902
0.8876
0.8952
0.8972
0.8876
0.8968
0.8836
0.886
0.8936
0.9028
0.8976
0.8864
0.8972
0.8844
0.8944
0.8864
0.886
0.8884
0.8996
0.9052
0.894
0.9008
0.8888
0.896
0.8908
0.896
0.9016
0.896
0.8988
0.8956
0.8996
0.8972
0.8932
0.9096
0.9
0.8984
0.9096
0.8948
0.8928
0.8844
0.902
0.896
0.8976
0.8876
0.8892
0.9008
0.9132
0.8912
0.894
0.8852
0.9116
0.9
0.9008
0.8964
0.8912
0.8964
0.8888
0.902
0.91
0.8896
0.8896
0.89
0.894
0.896
0.9016
0.894
0.9028
0.8928
0.888
0.8844
0.9004
0.8904
0.896
0.8924
0.8788
0.8948
0.9024
0.8896
0.9032
0.8888
0.8936
0.9052
0.8796
0.9012
0.8852
0.8868
0.88
0.894
0.8892
0.898
0.8944
0.8936
0.9
0.8896
0.888
0.8864
0.8844
0.8884
0.8924
0.8852
0.898
0.89
0.9032
0.8924
0.9008
0.8952
0.876
0.9012
0.8832
0.8884
0.888
0.9016
0.9012
0.8852
0.8996
0.8932
0.8712
0.898
0.8844
0.892
0.9
0.8796
0.8832
0.888
0.8984
0.8884
0.8868
0.8984
0.8916
0.9028
0.8872
0.8924
0.8788
0.9032
0.9004
0.8956
0.8988
0.8996
0.892
0.8856
0.888
0.8788
0.8816
0.8908
0.8816
0.9056
0.8904
0.9
0.89
0.8964
0.8828
0.8892
0.8888
0.88
0.8992
0.902
0.89
0.89
0.8984
0.8896
0.886
0.8804
0.8964
0.8956
0.894
0.886
0.8588
0.896
0.8984
0.888
0.902
0.8972
0.8968
0.896
0.8804
0.8976
0.8944
0.876
0.892
0.8912
0.888
0.8988
0.886
0.896
0.8892
0.8984
0.8884
0.89
0.8836
0.9032
0.8812
0.9004
0.8776
0.886
0.8908
0.9004
0.8888
0.8952
0.8944
0.8992
0.8784
0.8844
0.8896
0.88
0.8872
0.8928
0.8852
0.8872
0.8864
0.8828
0.896
0.902
0.9012
0.8884
0.8836
0.8604
0.88
0.8888
0.8984
0.88
0.8924
0.8836
0.8904
0.8976
0.8972
0.8928
0.8824
0.8868
0.8912
0.9048
0.8676
0.8924
0.8968
0.8872
0.8876
0.8896
0.8848
0.892
0.8916
0.8772
0.8832
0.9028
0.8836
0.898
0.886
0.8824
0.8996
0.8896
0.8752
0.8936
0.9016
0.888
0.8808
0.8884
0.8892
0.8984
0.9024
0.8896
0.8892
0.8708
0.9036
0.8824
0.8876
0.886
0.8928
0.872
0.8856
0.8764
0.8916
0.896
0.8844
0.8816
0.9
0.8984
0.8844
0.8916
0.8908
0.8892
0.8836
0.8964
0.8852
0.906
0.8908
0.886
0.902
0.8844
0.8916
0.8828
0.8864
0.8852
0.888
0.8764
0.8768
0.8788
0.886
0.8868
0.8928
0.8944
0.8972
0.87
0.8848
0.8892
0.8848
0.888
0.9056
0.8732
0.8896
0.8916
0.8924
0.8936
0.8836
0.896
0.8976
0.8864
0.8852
0.8876
0.8864
0.8836
0.8852
0.8692
0.8844
0.8944
0.894
0.9008
0.9036
0.882
0.8736
0.8756
0.8936
0.8936
0.8896
0.8848
0.8824
0.8964
0.8896
0.8888
0.8856
0.8764
0.888
0.8924
0.902
0.88
0.894
0.8964
0.8928
0.8828
0.8836
0.8912
0.8916
0.8948
0.8996
0.8888
0.8888
0.8912
0.8872
0.8864
0.8916
0.8916
0.884
0.8984
0.89
0.8868
0.89
0.8872
0.8912
0.8824
0.8876
0.8912
0.8856
0.886
0.898
0.8912
0.8712
0.8972
0.8824
0.8884
0.8724
0.8844
0.8832
0.8892
0.89
0.8916
0.8884
0.8796
0.8888
0.882
0.892
0.8892
0.9024
0.8944
0.8876
0.9028
0.8944
0.8644
0.8932
0.884
0.884
0.8784
0.8868
0.9024
0.9
0.8928
0.8804
0.8752
0.8948
0.8912
0.8856
0.8988
0.8908
0.8972
0.8932
0.8952
0.8892
0.8892
0.9004
0.8864
0.8748
0.8856
0.89
0.8824
0.8832
0.8884
0.8912
0.8876
0.8812
0.888
0.8864
0.8824
0.8952
0.8848
0.874
0.8932
0.9036
0.8912
0.8832
0.896
0.87
0.8896
0.8984
0.878
0.8876
0.8928
0.8988
0.8888
0.8804
0.8792
0.8832
0.8868
0.894
0.89
0.8908
0.8948
0.8804
0.8752
0.8992
0.87
0.8896
0.9044
0.8736
0.884
0.8984
0.8732
0.8924
0.8864
0.8888
0.888
0.8892
0.8864
0.8928
0.8924
0.8752
0.8848
0.9
0.886
0.8944
0.8952
0.8932
0.8908
0.8968
0.8896
0.8824
0.8948
0.8888
0.8852
0.8948
0.884
0.8804
0.8944
0.8924
0.8784
0.8908
0.8976
0.8708
0.8776
0.8788
0.8916
0.8908
0.8888
0.8692
0.8804
0.8924
0.8896
0.902
0.8716
0.9
0.8908
0.9084
0.8952
0.8808
0.8912
0.8908
0.8884
0.888
0.8792
0.894
0.8856
0.8844
0.8964
0.8968
0.8804
0.8916
0.8888
0.8768
0.8876
0.8844
0.87
0.8932
0.8844
0.8888
0.8904
0.9012
0.896
0.892
0.8856
0.8748
0.8904
0.884
0.89
0.8804
0.8788
0.8924
0.8836
0.8968
0.89
0.8796
0.8988
0.8952
0.8892
0.8888
0.8804
0.8936
0.8764
0.8684
0.8876
0.8776
0.8904
0.894
0.8972
0.8892
0.8964
0.866
0.8924
0.8852
0.878
0.8932
0.8784
0.8868
0.8904
0.8836
0.894
0.8944
0.8864
0.9012
0.8656
0.8928
0.8832
0.8872
0.8816
0.896
0.8948
0.9024
0.8772
0.89
0.8688
0.8848
0.9036
0.8808
0.8912
0.8832
0.8952
0.8868
0.9072
0.8808
0.8888
0.8964
0.8948
0.8876
0.88
0.8888
0.8828
0.8796
0.896
0.8907563025210085
