0.9808
0.9756
0.9692
0.9568
0.952
0.9472
0.9376
0.9256
0.9276
0.9196
0.92
0.9196
0.904
0.9144
0.9128
0.9132
0.8948
0.8888
0.884
0.89
0.8792
0.8824
0.8912
0.874
0.872
0.8748
0.8544
0.8584
0.8676
0.868
0.858
0.8588
0.8656
0.8572
0.8428
0.8556
0.8576
0.8396
0.8468
0.8544
0.8484
0.848
0.8404
0.8408
0.8388
0.8476
0.8444
0.8356
0.8396
0.8368
0.8452
0.8344
0.82
0.8184
0.8376
0.82
0.838
0.826
0.8272
0.8212
0.8296
0.8352
0.808
0.828
0.8184
0.8132
0.7952
0.8296
0.81
0.8224
0.8168
0.8092
0.8208
0.8044
0.81
0.81
0.8088
0.8108
0.8236
0.816
0.8096
0.8128
0.814
0.8168
0.8112
0.8028
0.81
0.8004
0.8092
0.8036
0.8036
0.7944
0.812
0.8
0.8144
0.8004
0.818
0.8116
0.8
0.8144
0.7988
0.8012
0.8032
0.808
0.7948
0.802
0.79
0.7932
0.8028
0.7992
0.798
0.7956
0.7884
0.7848
0.8036
0.7868
0.794
0.7936
0.8024
0.81
0.7852
0.7908
0.802
0.778
0.7812
0.8012
0.794
0.79
0.796
0.7944
0.7928
0.7812
0.8016
0.7868
0.8004
0.7944
0.7912
0.772
0.7952
0.786
0.7836
0.804
0.8028
0.7804
0.7848
0.7932
0.792
0.7956
0.7896
0.788
0.7908
0.7852
0.786
0.774
0.7904
0.7816
0.7816
0.792
0.7872
0.7844
0.784
0.7856
0.7848
0.78
0.788
0.7756
0.768
0.7856
0.7824
0.7836
0.7744
0.7808
0.7724
0.7828
0.7672
0.7844
0.7924
0.7844
0.786
0.7828
0.7684
0.7888
0.7924
0.776
0.782
0.776
0.7856
0.7876
0.7884
0.8012
0.7716
0.772
0.7848
0.7924
0.786
0.7972
0.7792
0.7956
0.7744
0.7928
0.7872
0.772
0.7892
0.7784
0.7856
0.7696
0.7772
0.784
0.7772
0.7696
0.774
0.7888
0.7736
0.7764
0.7784
0.7948
0.7732
0.7764
0.7868
0.752
0.782
0.7732
0.7648
0.7852
0.768
0.7888
0.7876
0.7916
0.7896
0.7712
0.7896
0.7568
0.764
0.7844
0.7844
0.774
0.774
0.774
0.77
0.78
0.774
0.7744
0.782
0.7684
0.7732
0.778
0.7684
0.7772
0.7816
0.7632
0.7864
0.7772
0.7752
0.7832
0.7796
0.7784
0.7832
0.7564
0.7716
0.7632
0.7784
0.7824
0.768
0.7788
0.7784
0.7944
0.7656
0.7584
0.764
0.79
0.7552
0.778
0.7816
0.7552
0.7844
0.766
0.7808
0.7696
0.7864
0.7784
0.7816
0.7692
0.7708
0.7804
0.7648
0.7836
0.7816
0.7828
0.768
0.7908
0.7752
0.7832
0.7544
0.766
0.7872
0.772
0.768
0.7672
0.7724
0.7632
0.7716
0.7784
0.7672
0.7684
0.7652
0.7672
0.782
0.7628
0.7664
0.776
0.7668
0.7608
0.7724
0.78
0.7624
0.7724
0.78
0.7792
0.7676
0.7632
0.7736
0.7668
0.7676
0.7788
0.7628
0.7604
0.7788
0.7656
0.7776
0.7856
0.77
0.7588
0.754
0.7564
0.782
0.7832
0.7816
0.78
0.7732
0.7584
0.7688
0.7756
0.7696
0.7668
0.7732
0.7796
0.7608
0.7512
0.7688
0.7668
0.7696
0.7628
0.7716
0.7504
0.7916
0.7768
0.7628
0.7604
0.7712
0.7728
0.7672
0.7652
0.7768
0.77
0.7668
0.7764
0.78
0.7692
0.7648
0.7676
0.7672
0.7712
0.766
0.7728
0.7732
0.7628
0.7632
0.7724
0.7716
0.7632
0.7712
0.7568
0.7748
0.7612
0.7604
0.7744
0.7676
0.78
0.7684
0.7668
0.766
0.7692
0.7504
0.768
0.772
0.7724
0.7632
0.7732
0.75
0.7744
0.7528
0.7776
0.7704
0.75
0.7724
0.7776
0.7704
0.7744
0.7736
0.774
0.7624
0.7716
0.778
0.7668
0.7628
0.7712
0.7752
0.7684
0.7576
0.7576
0.7592
0.7624
0.7704
0.7624
0.7672
0.7704
0.7632
0.7728
0.7712
0.7596
0.774
0.7572
0.7716
0.7772
0.7764
0.776
0.7708
0.762
0.768
0.7764
0.7776
0.7564
0.7656
0.7736
0.7556
0.7696
0.7548
0.7632
0.764
0.7716
0.7616
0.754
0.7768
0.7692
0.7772
0.7692
0.7652
0.76
0.7596
0.7728
0.77
0.7564
0.766
0.768
0.7556
0.7756
0.7524
0.778
0.7648
0.7656
0.77
0.7624
0.772
0.7692
0.77
0.7772
0.766
0.7592
0.7732
0.7712
0.7664
0.766
0.7428
0.778
0.7556
0.7648
0.752
0.7688
0.7684
0.7696
0.768
0.7732
0.7588
0.7652
0.7648
0.766
0.772
0.7668
0.7644
0.7596
0.758
0.7808
0.7636
0.7576
0.768
0.7712
0.768
0.7756
0.7724
0.7856
0.7636
0.7616
0.7696
0.7576
0.7552
0.7628
0.7456
0.7568
0.76
0.7716
0.7716
0.7556
0.7672
0.7728
0.7576
0.7628
0.7628
0.7716
0.7704
0.7684
0.7628
0.7572
0.7616
0.7644
0.7656
0.7684
0.7692
0.7704
0.7604
0.7628
0.7624
0.7664
0.7492
0.7656
0.7612
0.7776
0.776
0.7852
0.7712
0.766
0.7636
0.7692
0.7536
0.7588
0.7616
0.7676
0.7572
0.752
0.7572
0.7624
0.7644
0.7688
0.7704
0.7536
0.7736
0.7584
0.7764
0.762
0.7616
0.7524
0.7564
0.764
0.7612
0.768
0.7644
0.7632
0.7556
0.7548
0.7608
0.778
0.7444
0.7588
0.7468
0.7784
0.7604
0.77
0.7784
0.7636
0.7764
0.7704
0.7744
0.7704
0.748
0.748
0.7704
0.7656
0.7712
0.7596
0.762
0.7752
0.75
0.7632
0.7552
0.7768
0.762
0.7568
0.772
0.7551020408163265
