0.976
0.97
0.9616
0.952
0.942
0.9392
0.93
0.9172
0.9204
0.9124
0.9124
0.9096
0.89
0.9044
0.9056
0.9016
0.8856
0.8824
0.8744
0.8828
0.8748
0.8736
0.8836
0.868
0.8672
0.87
0.8492
0.85
0.8636
0.8636
0.85
0.8552
0.862
0.852
0.8376
0.8512
0.8544
0.8368
0.8448
0.852
0.8448
0.8436
0.838
0.84
0.8348
0.8436
0.8412
0.8296
0.8332
0.8344
0.8416
0.8316
0.8184
0.8168
0.834
0.8168
0.8348
0.824
0.8272
0.8188
0.8288
0.8296
0.8064
0.822
0.8152
0.8104
0.7944
0.8276
0.8084
0.8232
0.8148
0.808
0.8172
0.8028
0.8084
0.8096
0.8064
0.808
0.82
0.8164
0.8092
0.81
0.8144
0.8152
0.8104
0.8012
0.8068
0.7976
0.8064
0.8012
0.802
0.7916
0.8112
0.7992
0.814
0.7996
0.816
0.8112
0.7988
0.8128
0.7972
0.8004
0.8012
0.8096
0.7952
0.802
0.7892
0.7916
0.8032
0.8004
0.7968
0.7944
0.7856
0.7836
0.802
0.7872
0.7904
0.7932
0.802
0.8088
0.7852
0.7912
0.8012
0.7776
0.7824
0.8008
0.7916
0.7892
0.7932
0.7952
0.7916
0.7816
0.8008
0.7848
0.8008
0.7944
0.792
0.77
0.7952
0.786
0.784
0.8036
0.8024
0.7812
0.7836
0.794
0.7916
0.794
0.7876
0.7852
0.7892
0.7856
0.7836
0.7736
0.7888
0.7808
0.7804
0.7916
0.7872
0.784
0.7848
0.786
0.7848
0.78
0.7864
0.7744
0.7676
0.7856
0.7824
0.7828
0.7736
0.78
0.7724
0.7828
0.7668
0.7856
0.7912
0.7876
0.786
0.7828
0.7676
0.7896
0.7908
0.7764
0.782
0.776
0.7868
0.7852
0.7884
0.8016
0.7704
0.7716
0.7872
0.7908
0.7844
0.7976
0.7792
0.7948
0.7744
0.7932
0.7872
0.7724
0.7896
0.7784
0.7868
0.77
0.7772
0.7848
0.7764
0.7692
0.774
0.7888
0.7736
0.776
0.7796
0.7948
0.7736
0.7768
0.7868
0.7532
0.7816
0.7748
0.7648
0.7856
0.7692
0.79
0.786
0.792
0.79
0.772
0.7892
0.7576
0.7648
0.7852
0.7816
0.772
0.7736
0.7748
0.7692
0.78
0.7744
0.7744
0.7828
0.7684
0.772
0.7776
0.7672
0.778
0.7812
0.7624
0.7868
0.7772
0.7752
0.7828
0.7788
0.7776
0.782
0.7568
0.7716
0.7648
0.778
0.7828
0.7684
0.7792
0.7776
0.7932
0.7656
0.7588
0.7628
0.7896
0.7556
0.778
0.7804
0.7556
0.7836
0.7648
0.7816
0.7684
0.7864
0.7788
0.7816
0.7696
0.7716
0.7804
0.7652
0.7836
0.782
0.7824
0.7684
0.7904
0.7764
0.7832
0.7544
0.766
0.7868
0.7716
0.7696
0.768
0.7728
0.762
0.7712
0.7784
0.7676
0.7684
0.7652
0.7676
0.7828
0.7648
0.7664
0.7768
0.7672
0.7604
0.7732
0.78
0.7636
0.7728
0.7792
0.7788
0.7668
0.764
0.7732
0.7664
0.7664
0.7796
0.7628
0.76
0.7796
0.7656
0.7772
0.7864
0.7688
0.7584
0.752
0.7552
0.7812
0.7836
0.7812
0.7808
0.7728
0.7584
0.7688
0.7744
0.7692
0.7668
0.7732
0.7792
0.7592
0.7512
0.7688
0.7672
0.77
0.7624
0.7708
0.7504
0.7916
0.7772
0.7628
0.7588
0.7708
0.772
0.7664
0.7652
0.7768
0.768
0.7668
0.776
0.7796
0.768
0.7656
0.7676
0.766
0.7708
0.7664
0.7732
0.7728
0.762
0.7628
0.7732
0.7716
0.7628
0.7712
0.7572
0.7748
0.7608
0.7604
0.7736
0.7672
0.7788
0.7688
0.7664
0.7648
0.77
0.75
0.7676
0.7732
0.7728
0.7632
0.7736
0.7496
0.7744
0.7536
0.7784
0.7704
0.7504
0.7732
0.7768
0.7712
0.774
0.7736
0.774
0.764
0.7724
0.7768
0.7664
0.7648
0.772
0.7752
0.7676
0.7592
0.7588
0.76
0.762
0.7712
0.7624
0.7668
0.7708
0.7636
0.7728
0.7732
0.7592
0.7736
0.7572
0.7708
0.7768
0.776
0.7768
0.7708
0.7632
0.7692
0.7764
0.7776
0.7568
0.7652
0.774
0.7556
0.7696
0.7552
0.7632
0.764
0.7728
0.7628
0.7528
0.7764
0.768
0.7768
0.7704
0.7652
0.76
0.76
0.7728
0.77
0.7564
0.7652
0.768
0.7548
0.7752
0.7532
0.7772
0.764
0.7656
0.7708
0.7624
0.7724
0.7692
0.7696
0.7776
0.7656
0.7588
0.7732
0.7716
0.7672
0.766
0.7428
0.7772
0.7556
0.7648
0.752
0.7688
0.7684
0.7704
0.7684
0.7732
0.7592
0.7648
0.764
0.7656
0.7728
0.7668
0.7644
0.7592
0.758
0.7808
0.7632
0.7572
0.768
0.7704
0.768
0.7756
0.7728
0.7844
0.7636
0.7624
0.7696
0.7568
0.7556
0.7632
0.7456
0.7568
0.7584
0.772
0.7716
0.7548
0.768
0.7724
0.7576
0.764
0.7636
0.772
0.7704
0.7688
0.7632
0.7584
0.7624
0.7636
0.7656
0.768
0.7684
0.7708
0.7608
0.7632
0.7628
0.7664
0.7496
0.7652
0.7612
0.7768
0.7768
0.7848
0.7712
0.766
0.7636
0.7688
0.7528
0.7588
0.762
0.7672
0.7572
0.7528
0.7556
0.762
0.7648
0.7688
0.7708
0.754
0.7728
0.7588
0.7772
0.762
0.7616
0.7512
0.7568
0.764
0.7616
0.7676
0.7644
0.7636
0.756
0.7548
0.76
0.7784
0.7444
0.7584
0.7472
0.778
0.7592
0.7696
0.7784
0.7628
0.7772
0.7704
0.7752
0.7696
0.7484
0.748
0.7704
0.766
0.7712
0.7596
0.7616
0.7748
0.7492
0.7632
0.7552
0.7764
0.7628
0.7572
0.7716
0.7547018807523009
