0.9676
0.962
0.9524
0.934
0.9296
0.9252
0.9112
0.9044
0.9084
0.8992
0.8968
0.8988
0.8764
0.8924
0.8948
0.8896
0.876
0.8708
0.8628
0.8696
0.8668
0.8668
0.8732
0.8612
0.8592
0.8616
0.8428
0.8428
0.8576
0.8544
0.8464
0.85
0.8524
0.846
0.832
0.8448
0.8492
0.832
0.8372
0.8452
0.8372
0.8396
0.8316
0.8344
0.8296
0.842
0.8388
0.8256
0.83
0.8284
0.8364
0.8272
0.8148
0.8144
0.8308
0.8124
0.8324
0.8196
0.8228
0.8172
0.8264
0.8284
0.8084
0.8168
0.8112
0.8056
0.7928
0.8252
0.8044
0.8212
0.8116
0.8064
0.8136
0.7976
0.8052
0.8064
0.8064
0.8048
0.8172
0.8152
0.8072
0.8112
0.8128
0.8124
0.8064
0.7996
0.8048
0.7956
0.8056
0.7996
0.8008
0.7904
0.8096
0.798
0.812
0.7996
0.8152
0.8088
0.7976
0.8144
0.7948
0.7988
0.8
0.806
0.7928
0.7992
0.7888
0.7888
0.8028
0.7992
0.7956
0.7956
0.7824
0.784
0.8012
0.784
0.7892
0.794
0.8004
0.8084
0.7856
0.7916
0.7988
0.7772
0.7812
0.798
0.7888
0.7892
0.792
0.7948
0.79
0.7796
0.8
0.7852
0.7992
0.7928
0.7928
0.768
0.7932
0.7864
0.786
0.804
0.7996
0.7828
0.7836
0.7964
0.79
0.7956
0.786
0.786
0.7872
0.7864
0.7828
0.7732
0.7892
0.7804
0.7792
0.79
0.7876
0.7852
0.7828
0.7856
0.784
0.78
0.7868
0.772
0.7672
0.7864
0.782
0.7816
0.7732
0.7796
0.7732
0.7828
0.7668
0.7868
0.7896
0.7864
0.7844
0.7844
0.7676
0.7888
0.7912
0.7756
0.782
0.7756
0.7872
0.7844
0.7868
0.8008
0.77
0.7696
0.7872
0.7916
0.7844
0.7964
0.7772
0.7972
0.772
0.7924
0.786
0.7712
0.7884
0.7776
0.7864
0.77
0.776
0.7872
0.7752
0.7684
0.7736
0.788
0.7732
0.7768
0.7812
0.7956
0.7736
0.776
0.7868
0.7516
0.7804
0.7752
0.7648
0.7848
0.7696
0.792
0.786
0.792
0.7884
0.7728
0.7896
0.758
0.764
0.7848
0.7808
0.7716
0.774
0.7732
0.7676
0.778
0.7756
0.7728
0.7804
0.7688
0.7728
0.7784
0.7668
0.7768
0.7788
0.7612
0.788
0.7764
0.7744
0.7816
0.776
0.7772
0.7828
0.7584
0.7728
0.7636
0.7772
0.7832
0.768
0.778
0.7764
0.7944
0.7648
0.76
0.7648
0.7896
0.7576
0.7796
0.7804
0.756
0.7836
0.7648
0.7812
0.768
0.786
0.7796
0.7828
0.7696
0.7712
0.7796
0.7656
0.782
0.782
0.7828
0.768
0.7908
0.7772
0.782
0.754
0.7664
0.7856
0.7716
0.7704
0.766
0.7728
0.7612
0.7704
0.7788
0.768
0.768
0.7652
0.7696
0.7836
0.7648
0.7664
0.774
0.768
0.7616
0.7752
0.78
0.764
0.7732
0.7792
0.7788
0.7676
0.7636
0.7744
0.7672
0.7668
0.7792
0.7624
0.76
0.7796
0.7656
0.7776
0.7876
0.768
0.7584
0.7532
0.7552
0.7824
0.7832
0.7812
0.7804
0.7748
0.7596
0.7688
0.7748
0.7684
0.7672
0.7724
0.7772
0.7588
0.7528
0.7684
0.7656
0.7716
0.7628
0.7692
0.7512
0.7928
0.7768
0.7616
0.7572
0.7704
0.7704
0.7668
0.7652
0.7788
0.7684
0.7672
0.7768
0.7784
0.7688
0.766
0.7672
0.7652
0.7704
0.766
0.7728
0.7724
0.7636
0.764
0.7724
0.7708
0.7624
0.7704
0.756
0.7756
0.76
0.7612
0.7732
0.768
0.778
0.7692
0.7664
0.7648
0.7692
0.7508
0.7684
0.7728
0.7724
0.764
0.7728
0.7492
0.7744
0.754
0.778
0.7716
0.7504
0.7732
0.7768
0.7712
0.7744
0.7732
0.7736
0.7652
0.7724
0.7768
0.7664
0.7672
0.7716
0.7752
0.7684
0.758
0.7596
0.7608
0.7612
0.7704
0.7632
0.7664
0.7708
0.7632
0.7728
0.7744
0.7596
0.7748
0.7572
0.7708
0.7768
0.776
0.7772
0.7712
0.7632
0.7696
0.7764
0.7764
0.756
0.7648
0.7744
0.7544
0.7708
0.7564
0.764
0.7648
0.7716
0.7628
0.7532
0.7768
0.7688
0.7776
0.77
0.7652
0.758
0.76
0.7732
0.77
0.7576
0.7656
0.7676
0.756
0.7752
0.7536
0.7772
0.7652
0.7648
0.7712
0.7624
0.7732
0.7684
0.7688
0.7776
0.766
0.7584
0.774
0.7716
0.7672
0.7668
0.7432
0.776
0.7548
0.7644
0.7524
0.7696
0.768
0.7696
0.7676
0.7724
0.7592
0.7648
0.7636
0.7648
0.7736
0.7656
0.764
0.7592
0.7588
0.7808
0.7628
0.7568
0.7688
0.7704
0.7668
0.7756
0.774
0.7848
0.7624
0.762
0.7692
0.758
0.7548
0.7636
0.7452
0.7564
0.7588
0.772
0.7728
0.7548
0.7688
0.7716
0.7584
0.7644
0.7628
0.7724
0.77
0.7688
0.764
0.7592
0.7636
0.7648
0.766
0.768
0.7692
0.7708
0.7608
0.7632
0.7628
0.7668
0.7496
0.7648
0.7612
0.7764
0.7776
0.7852
0.7712
0.7664
0.7628
0.7688
0.7528
0.7584
0.762
0.7668
0.7572
0.752
0.7552
0.762
0.7648
0.7692
0.7704
0.754
0.7728
0.7588
0.7756
0.7616
0.762
0.7516
0.7572
0.7636
0.7612
0.768
0.7648
0.7624
0.756
0.7556
0.7596
0.7784
0.744
0.7588
0.7472
0.7784
0.7592
0.7696
0.7792
0.7636
0.7764
0.7708
0.7752
0.7696
0.7484
0.7488
0.7704
0.7668
0.7704
0.7592
0.7624
0.7744
0.7488
0.7636
0.7544
0.776
0.7636
0.7568
0.772
0.7539015606242497
