0.8412
0.8272
0.8292
0.8108
0.8156
0.834
0.8208
0.7972
0.8208
0.818
0.8264
0.8104
0.8048
0.8092
0.8192
0.8188
0.8004
0.792
0.7908
0.8064
0.8064
0.8048
0.8044
0.812
0.8088
0.8048
0.7952
0.806
0.8064
0.8212
0.8052
0.8116
0.8124
0.8188
0.7968
0.8112
0.808
0.8008
0.8248
0.8144
0.8032
0.816
0.8096
0.808
0.7956
0.8156
0.8116
0.81
0.8028
0.8052
0.7968
0.8132
0.8036
0.8088
0.8176
0.8112
0.8012
0.8152
0.7984
0.8008
0.808
0.8068
0.794
0.8028
0.8076
0.8068
0.8008
0.8192
0.8044
0.8204
0.8112
0.7996
0.8064
0.7964
0.802
0.8048
0.8052
0.808
0.8156
0.8108
0.8088
0.814
0.8128
0.8104
0.8012
0.794
0.8108
0.7988
0.8164
0.8112
0.8064
0.792
0.81
0.8152
0.8104
0.8032
0.8208
0.814
0.8028
0.8224
0.798
0.8036
0.8
0.8052
0.806
0.8024
0.8
0.8104
0.8144
0.7896
0.802
0.8016
0.804
0.8064
0.806
0.8028
0.814
0.8036
0.81
0.814
0.8108
0.8036
0.8044
0.7912
0.8084
0.8144
0.8044
0.8056
0.8072
0.8104
0.8104
0.802
0.8112
0.7996
0.8112
0.82
0.8176
0.79
0.8136
0.8088
0.8104
0.8216
0.804
0.806
0.8
0.8124
0.81
0.814
0.8068
0.7996
0.8284
0.7972
0.802
0.8064
0.8156
0.7972
0.7952
0.81
0.8244
0.808
0.81
0.804
0.8076
0.8028
0.8116
0.7864
0.7964
0.8124
0.8132
0.8132
0.8008
0.7972
0.7996
0.8072
0.7992
0.8132
0.82
0.812
0.8116
0.8072
0.8028
0.8168
0.8128
0.8136
0.8092
0.8068
0.8212
0.8
0.8116
0.8168
0.7896
0.8044
0.8124
0.8092
0.8284
0.8172
0.7944
0.82
0.8004
0.8112
0.8048
0.8004
0.8124
0.8064
0.8144
0.8004
0.808
0.8144
0.8088
0.7952
0.8104
0.8092
0.8024
0.8024
0.8076
0.8168
0.8096
0.8128
0.8164
0.7916
0.8044
0.8
0.8012
0.8172
0.8108
0.8224
0.802
0.8092
0.826
0.7976
0.8084
0.7912
0.7976
0.8172
0.8132
0.8016
0.8008
0.8004
0.796
0.8044
0.8012
0.8052
0.814
0.81
0.8092
0.8092
0.8068
0.8112
0.802
0.8008
0.8172
0.8128
0.8108
0.8044
0.81
0.81
0.8032
0.7996
0.8072
0.8028
0.818
0.8108
0.804
0.7992
0.8092
0.8276
0.7904
0.8008
0.7992
0.8144
0.7896
0.81
0.8104
0.7908
0.8212
0.8104
0.8228
0.8048
0.8168
0.8152
0.8148
0.7924
0.8152
0.8084
0.7964
0.816
0.818
0.8084
0.8056
0.8072
0.8104
0.8068
0.7936
0.8048
0.8212
0.808
0.7972
0.7908
0.8128
0.8024
0.8008
0.8036
0.814
0.802
0.8064
0.8036
0.826
0.798
0.8052
0.8188
0.8064
0.7964
0.8072
0.7976
0.8044
0.8108
0.8148
0.8216
0.8096
0.8016
0.8068
0.8036
0.7952
0.8256
0.7964
0.8012
0.8112
0.8112
0.8132
0.8228
0.802
0.7856
0.7992
0.8012
0.8112
0.8072
0.812
0.8112
0.8136
0.7976
0.8036
0.8048
0.8096
0.8068
0.8088
0.808
0.8096
0.7972
0.8184
0.812
0.8064
0.8012
0.8088
0.7992
0.816
0.8068
0.8012
0.7924
0.8088
0.7968
0.8052
0.8004
0.818
0.8084
0.8164
0.812
0.8148
0.8044
0.7972
0.8156
0.8112
0.796
0.8016
0.8116
0.8204
0.8056
0.8136
0.8108
0.7988
0.8084
0.81
0.798
0.8208
0.8012
0.7932
0.8048
0.8244
0.8244
0.7988
0.8072
0.7984
0.8232
0.8016
0.816
0.8136
0.8028
0.8016
0.8144
0.7864
0.8144
0.7956
0.804
0.8104
0.8036
0.8072
0.8284
0.798
0.8088
0.8124
0.8184
0.8096
0.8076
0.8108
0.8192
0.8068
0.8104
0.808
0.812
0.8124
0.8032
0.8016
0.8084
0.8032
0.8048
0.8104
0.8064
0.8028
0.8076
0.808
0.806
0.8124
0.8064
0.8024
0.8112
0.8208
0.8176
0.8028
0.8104
0.8096
0.8148
0.8184
0.7968
0.812
0.8132
0.7956
0.822
0.7972
0.8124
0.8088
0.81
0.7968
0.8012
0.8076
0.8064
0.8204
0.8096
0.802
0.802
0.8096
0.8172
0.8104
0.7884
0.808
0.7996
0.7992
0.8208
0.7984
0.8104
0.8032
0.8
0.8092
0.8032
0.8132
0.8012
0.808
0.8064
0.8116
0.8048
0.8212
0.8208
0.7972
0.804
0.8008
0.8096
0.8072
0.8084
0.8096
0.8136
0.7988
0.8068
0.8108
0.82
0.8068
0.8176
0.7992
0.8036
0.8156
0.8052
0.8152
0.8032
0.8056
0.818
0.808
0.7992
0.8152
0.8148
0.8084
0.8148
0.8088
0.818
0.8096
0.8132
0.7996
0.808
0.7876
0.816
0.7888
0.8064
0.7956
0.8168
0.8088
0.8092
0.8064
0.8108
0.8044
0.8004
0.7984
0.8108
0.8152
0.8068
0.8048
0.8096
0.796
0.8088
0.8096
0.8064
0.8096
0.8092
0.8048
0.7964
0.8024
0.8116
0.7988
0.8024
0.802
0.818
0.8176
0.81
0.808
0.8092
0.8172
0.8124
0.8096
0.8064
0.8064
0.8148
0.8024
0.808
0.8136
0.806
0.8212
0.8168
0.8172
0.7992
0.8044
0.806
0.824
0.8136
0.8024
0.8012
0.8028
0.8088
0.8056
0.8116
0.7988
0.8192
0.7872
0.8044
0.8
0.8156
0.792
0.8024
0.7976
0.8168
0.8
0.8092
0.8164
0.8064
0.816
0.8116
0.8076
0.8096
0.79
0.7948
0.8188
0.8056
0.81
0.806
0.8068
0.8152
0.8024
0.8088
0.808
0.8128
0.8036
0.8024
0.8172
0.8163265306122449
