0.952
0.9492
0.9488
0.9416
0.9372
0.938
0.9348
0.9164
0.9264
0.9292
0.9312
0.9216
0.9204
0.9208
0.9304
0.928
0.9248
0.9168
0.9188
0.9216
0.9228
0.918
0.9144
0.92
0.9188
0.9208
0.9212
0.9208
0.914
0.9208
0.9064
0.9208
0.9268
0.92
0.9092
0.9168
0.9168
0.914
0.9116
0.9208
0.918
0.9176
0.9104
0.91
0.9084
0.9204
0.9172
0.9108
0.912
0.9072
0.9172
0.9072
0.9124
0.9176
0.9172
0.9104
0.9184
0.9072
0.9036
0.9064
0.9044
0.9092
0.8964
0.9176
0.9056
0.9088
0.8884
0.9108
0.904
0.9108
0.9008
0.8984
0.9024
0.8996
0.9036
0.906
0.9032
0.9064
0.9088
0.8956
0.8988
0.9036
0.9108
0.906
0.8968
0.8984
0.9048
0.8984
0.9108
0.9032
0.9172
0.8952
0.9048
0.902
0.9004
0.906
0.906
0.8972
0.9044
0.9116
0.9008
0.892
0.8928
0.8972
0.8976
0.9032
0.9004
0.9004
0.9052
0.9092
0.9012
0.8928
0.904
0.8944
0.9124
0.8988
0.9032
0.9032
0.9044
0.9008
0.8956
0.888
0.9004
0.8872
0.896
0.9116
0.892
0.9056
0.8932
0.9088
0.8964
0.8908
0.9084
0.8968
0.9096
0.8988
0.908
0.8948
0.9008
0.9032
0.9044
0.9092
0.9
0.8976
0.884
0.902
0.8932
0.898
0.9028
0.9
0.9104
0.894
0.9012
0.8968
0.8996
0.8924
0.894
0.9068
0.8948
0.9016
0.9108
0.89
0.9016
0.8888
0.9
0.8936
0.8852
0.9036
0.8896
0.8968
0.8956
0.8984
0.8956
0.8968
0.8928
0.8916
0.8996
0.8948
0.8944
0.894
0.8904
0.8944
0.8984
0.9068
0.8876
0.8968
0.9004
0.898
0.8936
0.896
0.8912
0.8916
0.8932
0.884
0.9032
0.9028
0.89
0.8972
0.886
0.9
0.8968
0.8924
0.8928
0.8904
0.9008
0.8872
0.9044
0.9076
0.8904
0.8868
0.8916
0.8968
0.892
0.8896
0.892
0.9052
0.9016
0.9036
0.9036
0.8816
0.8956
0.8816
0.8928
0.9032
0.8932
0.8972
0.8928
0.8956
0.8968
0.8908
0.892
0.886
0.882
0.8972
0.8952
0.89
0.8872
0.9008
0.8904
0.8972
0.8964
0.8932
0.9024
0.8968
0.8908
0.8964
0.8952
0.8928
0.8992
0.888
0.894
0.8852
0.8932
0.8904
0.8928
0.896
0.902
0.8868
0.8924
0.896
0.8888
0.8876
0.8968
0.8892
0.8944
0.9112
0.8804
0.8852
0.884
0.8864
0.8796
0.896
0.8956
0.8872
0.9024
0.8912
0.9012
0.8904
0.9016
0.8892
0.8984
0.888
0.9012
0.9012
0.8872
0.892
0.902
0.898
0.8932
0.9032
0.9004
0.8956
0.8804
0.888
0.8988
0.8944
0.8944
0.8876
0.9016
0.888
0.8856
0.8884
0.8968
0.8944
0.8792
0.8884
0.896
0.8816
0.8876
0.8992
0.8836
0.8808
0.8952
0.8916
0.888
0.8904
0.8948
0.9028
0.892
0.8952
0.8956
0.898
0.8872
0.8984
0.8836
0.8864
0.9036
0.9012
0.8916
0.9064
0.8888
0.8776
0.8876
0.884
0.894
0.8968
0.894
0.89
0.894
0.8832
0.8932
0.89
0.8928
0.8848
0.8928
0.8948
0.8948
0.8996
0.9012
0.898
0.8892
0.8924
0.8864
0.8936
0.9012
0.9012
0.8844
0.8808
0.8924
0.88
0.8868
0.89
0.9048
0.8836
0.8976
0.8936
0.8932
0.8976
0.8976
0.8988
0.8936
0.8956
0.8936
0.8916
0.9004
0.8812
0.892
0.9024
0.8916
0.892
0.892
0.8832
0.8912
0.8756
0.8764
0.8968
0.8952
0.898
0.8928
0.8864
0.8792
0.9004
0.8932
0.8992
0.8852
0.8936
0.8932
0.8996
0.8804
0.9012
0.8932
0.8908
0.8868
0.892
0.8964
0.9024
0.8828
0.8852
0.8868
0.898
0.8904
0.888
0.8932
0.8932
0.8816
0.8868
0.8952
0.8936
0.8896
0.876
0.888
0.8848
0.8856
0.8884
0.884
0.8864
0.8892
0.8768
0.8904
0.8844
0.9016
0.8932
0.884
0.8948
0.8956
0.8972
0.8956
0.9036
0.8936
0.8972
0.8996
0.8788
0.9008
0.906
0.8828
0.892
0.8808
0.8964
0.894
0.8956
0.8832
0.8904
0.8936
0.8908
0.9028
0.8928
0.8844
0.8896
0.89
0.89
0.8896
0.8872
0.8892
0.8808
0.8912
0.8928
0.8932
0.8888
0.8848
0.9
0.8876
0.8912
0.896
0.8904
0.8972
0.8916
0.8916
0.9028
0.9024
0.8972
0.8908
0.8804
0.9016
0.8976
0.8916
0.8896
0.888
0.8972
0.8876
0.8884
0.8984
0.892
0.8984
0.89
0.8804
0.8836
0.8952
0.8844
0.8972
0.882
0.898
0.8976
0.892
0.8828
0.8944
0.9004
0.8908
0.9092
0.8928
0.8984
0.8944
0.8876
0.8804
0.88
0.884
0.8908
0.8876
0.8916
0.888
0.9012
0.8936
0.886
0.8944
0.8876
0.8964
0.8864
0.8928
0.8868
0.8908
0.8848
0.8888
0.8944
0.8888
0.8988
0.8896
0.8972
0.898
0.8944
0.8884
0.8824
0.8852
0.8916
0.882
0.8844
0.8808
0.8924
0.8988
0.8916
0.8916
0.8896
0.896
0.8968
0.8944
0.8848
0.8872
0.8964
0.8876
0.8824
0.884
0.8856
0.894
0.8836
0.896
0.8896
0.8912
0.8992
0.9056
0.8868
0.8808
0.894
0.8792
0.8936
0.8852
0.8916
0.8868
0.8968
0.8828
0.8956
0.8832
0.8912
0.8796
0.884
0.8768
0.9064
0.8876
0.8936
0.8876
0.8884
0.8908
0.8872
0.894
0.8868
0.8792
0.8896
0.904
0.8888
0.902
0.8944
0.8864
0.898
0.894
0.8968
0.8912
0.8784
0.9004
0.8852
0.8912
0.9051620648259304
