0.894
0.8884
0.8968
0.8828
0.8812
0.89
0.8772
0.8644
0.8708
0.8792
0.8812
0.8732
0.864
0.8708
0.8784
0.8784
0.8624
0.8536
0.86
0.8592
0.8768
0.866
0.868
0.868
0.8636
0.8616
0.8608
0.866
0.8668
0.8716
0.8592
0.8616
0.8684
0.8648
0.858
0.8652
0.8616
0.866
0.8688
0.8732
0.8676
0.8676
0.8624
0.8572
0.8496
0.868
0.8668
0.8664
0.8548
0.8612
0.8616
0.8684
0.8532
0.8624
0.8768
0.8536
0.8572
0.8608
0.86
0.8612
0.8604
0.862
0.8516
0.8532
0.856
0.8608
0.8516
0.864
0.858
0.8624
0.8552
0.8556
0.8556
0.8556
0.8572
0.8588
0.8568
0.8536
0.8652
0.8656
0.854
0.8628
0.868
0.8576
0.846
0.8416
0.8568
0.8476
0.86
0.8608
0.864
0.8456
0.8596
0.856
0.8544
0.854
0.8672
0.854
0.8632
0.8652
0.8472
0.85
0.85
0.8512
0.8524
0.8568
0.85
0.8604
0.8596
0.8532
0.8448
0.8476
0.8596
0.8556
0.8588
0.8536
0.8528
0.8576
0.8544
0.8568
0.854
0.852
0.8548
0.8428
0.8524
0.8624
0.8484
0.8664
0.8568
0.8596
0.8532
0.8304
0.8608
0.8488
0.866
0.8572
0.8564
0.8408
0.8624
0.8604
0.854
0.8688
0.8524
0.8536
0.8444
0.8496
0.858
0.8592
0.852
0.8544
0.8676
0.8456
0.8516
0.8504
0.864
0.8456
0.846
0.8568
0.8548
0.8592
0.864
0.8496
0.8564
0.8512
0.8544
0.8368
0.8432
0.862
0.8468
0.8496
0.8436
0.8504
0.8436
0.8532
0.8484
0.8472
0.8632
0.8616
0.8472
0.8496
0.8496
0.8552
0.8568
0.8608
0.8392
0.8468
0.8596
0.8496
0.8508
0.8528
0.8476
0.852
0.852
0.8528
0.8644
0.858
0.8464
0.85
0.8408
0.8532
0.8544
0.8476
0.8508
0.852
0.8576
0.8424
0.8628
0.8576
0.8492
0.8364
0.8488
0.8552
0.8464
0.846
0.8432
0.8596
0.8504
0.8632
0.8632
0.8344
0.8368
0.8384
0.8424
0.8548
0.8484
0.8552
0.8424
0.8476
0.8572
0.8428
0.8464
0.8308
0.8404
0.8572
0.8612
0.8436
0.8392
0.8532
0.8452
0.8572
0.85
0.844
0.8588
0.8456
0.8448
0.85
0.8512
0.848
0.8508
0.8392
0.8576
0.85
0.8472
0.844
0.8548
0.8504
0.8608
0.8356
0.8448
0.8472
0.8548
0.8596
0.852
0.8424
0.854
0.8668
0.8356
0.8356
0.8444
0.85
0.836
0.8484
0.8528
0.8388
0.866
0.85
0.8588
0.8448
0.8504
0.8548
0.856
0.8388
0.8528
0.8584
0.8364
0.8516
0.8636
0.8492
0.8484
0.8548
0.854
0.854
0.8344
0.844
0.8532
0.844
0.8476
0.8392
0.8472
0.844
0.8412
0.8408
0.8628
0.844
0.8468
0.8448
0.8568
0.8384
0.8452
0.8592
0.8464
0.8364
0.848
0.844
0.8472
0.85
0.8444
0.8636
0.8444
0.8416
0.848
0.856
0.8352
0.8616
0.8396
0.8504
0.85
0.8568
0.8548
0.856
0.85
0.8264
0.8384
0.8412
0.856
0.848
0.8548
0.8504
0.8552
0.8396
0.8488
0.8448
0.846
0.8468
0.8492
0.858
0.8524
0.852
0.8632
0.8536
0.8452
0.8364
0.8388
0.8404
0.8608
0.85
0.8392
0.8404
0.8468
0.8364
0.846
0.844
0.858
0.8392
0.8532
0.8508
0.8484
0.854
0.8456
0.86
0.852
0.8432
0.8512
0.8464
0.8604
0.8388
0.8496
0.8636
0.8492
0.8532
0.8576
0.8396
0.8548
0.84
0.8388
0.854
0.8508
0.8616
0.8388
0.8456
0.834
0.8576
0.8428
0.8588
0.846
0.846
0.8528
0.8532
0.8368
0.866
0.8384
0.848
0.8484
0.8488
0.8472
0.8628
0.8436
0.8396
0.8516
0.8508
0.8488
0.8412
0.8472
0.8608
0.8452
0.846
0.8404
0.854
0.844
0.8352
0.8444
0.8436
0.8372
0.8464
0.8404
0.838
0.8464
0.8412
0.8532
0.8412
0.8552
0.85
0.8472
0.8556
0.858
0.8528
0.848
0.852
0.8552
0.854
0.8556
0.838
0.858
0.8616
0.836
0.8504
0.8416
0.86
0.8576
0.8516
0.8448
0.8412
0.8452
0.8488
0.8544
0.8472
0.8416
0.842
0.8388
0.8484
0.8392
0.8424
0.8444
0.8332
0.8452
0.8552
0.8452
0.848
0.8404
0.856
0.8524
0.8464
0.8416
0.8464
0.8464
0.848
0.8528
0.848
0.8596
0.8576
0.8436
0.842
0.8492
0.8612
0.8468
0.852
0.8452
0.8516
0.8428
0.8452
0.8456
0.8504
0.8516
0.8484
0.838
0.8412
0.8516
0.8436
0.848
0.84
0.844
0.8544
0.842
0.8308
0.8572
0.8516
0.8448
0.856
0.85
0.8592
0.8444
0.8452
0.8312
0.8444
0.8436
0.8572
0.8312
0.8448
0.8464
0.852
0.8444
0.8456
0.8528
0.8464
0.8464
0.8512
0.8448
0.8492
0.8512
0.844
0.85
0.848
0.8404
0.8536
0.8512
0.8492
0.84
0.8476
0.8448
0.8456
0.8456
0.8516
0.8392
0.838
0.8416
0.8484
0.8552
0.8504
0.8428
0.8412
0.852
0.854
0.846
0.846
0.8436
0.8488
0.8364
0.8408
0.8488
0.8436
0.85
0.8476
0.8524
0.8336
0.8404
0.8448
0.8576
0.85
0.842
0.8488
0.8432
0.852
0.842
0.8504
0.836
0.8552
0.8316
0.8464
0.8412
0.8544
0.8392
0.8356
0.8444
0.8528
0.8424
0.8476
0.8492
0.8416
0.85
0.8456
0.8424
0.8512
0.8288
0.8408
0.8544
0.8404
0.8572
0.8444
0.8408
0.8544
0.8476
0.8576
0.8444
0.848
0.846
0.8488
0.8544
0.8575430172068828
