0.9284
0.8792
0.861
0.8332
0.8242
0.8158
0.807
0.8002
0.786
0.7762
0.7818
0.7802
0.7792
0.7722
0.7774
0.7762
0.7754
0.7662
0.7676
0.7754
0.7742
0.7716
0.7642
0.7654
0.7642
0.7648
0.7576
0.7686
0.7606
0.7608
0.758
0.7474
0.7528
0.752
0.758
0.7588
0.7476
0.7506
0.754
0.7594
0.7586
0.7528
0.7416
0.7518
0.7526
0.7472
0.7472
0.7564
0.7654
0.7542
0.7446
0.7532
0.753
0.7486
0.7552
0.7482
0.7454
0.7476
0.7508
0.7564
0.758
0.7448
0.7492
0.7504
0.7492
0.75
0.7508
0.757
0.7418
0.752
0.7514
0.7526
0.7478
0.7526
0.7416
0.7484
0.7362
0.753
0.7406
0.753
0.7464
0.7494
0.7484
0.7446
0.7466
0.7364
0.7394
0.7468
0.755
0.75
0.7542
0.756
0.7446
0.749
0.7568
0.7322
0.752
0.7626
0.7498
0.7472
0.7432
0.7502
0.7388
0.7464
0.7426
0.7454
0.7464
0.7568
0.748
0.739
0.7398
0.739
0.7456
0.7518
0.7516
0.7416
0.7434
0.7522
0.7462
0.741
0.7418
0.7456
0.7424
0.7442
0.734
0.7556
0.741
0.7416
0.747
0.7324
0.7516
0.7456
0.754
0.731
0.7446
0.7474
0.7414
0.7542
0.745
0.7536
0.7424
0.7426
0.7404
0.756
0.7434
0.7512
0.7344
0.7484
0.7398
0.741
0.7536
0.7408
0.7394
0.7428
0.7458
0.742
0.7402
0.748
0.7454
0.7392
0.746
0.7482
0.743
0.749
0.7466
0.7332
0.7306
0.7508
0.7488
0.735
0.7474
0.7444
0.743
0.735
0.7402
0.7438
0.728
0.7434
0.7304
0.7402
0.7418
0.742
0.7434
0.7478
0.7364
0.7334
0.7438
0.7394
0.7454
0.7416
0.7426
0.7386
0.7424
0.7476
0.7436
0.7478
0.748
0.7492
0.739
0.7476
0.7322
0.7534
0.7484
0.7434
0.7488
0.756
0.7494
0.7336
0.7486
0.74
0.7376
0.7386
0.7442
0.7442
0.7404
0.7482
0.744
0.7594
0.7392
0.7512
0.7538
0.7436
0.742
0.7406
0.7562
0.7404
0.7496
0.7518
0.7442
0.7458
0.7444
0.7438
0.743
0.7402
0.7442
0.7444
0.74
0.7486
0.7418
0.754
0.7484
0.7362
0.7424
0.7428
0.741
0.7442
0.749
0.7348
0.7462
0.7418
0.747
0.7426
0.7438
0.744
0.7522
0.7462
0.7422
0.7356
0.7326
0.7332
0.7344
0.7464
0.7352
0.7484
0.7378
0.7398
0.7426
0.7388
0.7426
0.747
0.7462
0.743
0.7452
0.7548
0.7462
0.7476
0.7414
0.7394
0.738
0.732
0.7494
0.754
0.74
0.7514
0.7418
0.7356
0.7504
0.7456
0.7276
0.7436
0.7314
0.7448
0.7464
0.7464
0.748
0.7492
0.7318
0.7414
0.7376
0.7396
0.7502
0.7386
0.736
0.746749349869974
