0.9118
0.9008
0.8828
0.8546
0.8502
0.8358
0.816
0.8238
0.8042
0.7922
0.801
0.7988
0.798
0.7856
0.7894
0.7858
0.7892
0.7802
0.7766
0.7898
0.7828
0.7772
0.7704
0.7714
0.7684
0.7708
0.7678
0.7794
0.7668
0.7686
0.7632
0.7576
0.7644
0.7614
0.7658
0.7676
0.7556
0.7602
0.7688
0.7634
0.7636
0.7628
0.7528
0.7632
0.763
0.7572
0.754
0.766
0.769
0.7614
0.7498
0.7624
0.7634
0.7546
0.756
0.7562
0.752
0.7482
0.755
0.7662
0.7616
0.7476
0.758
0.757
0.7514
0.7532
0.7566
0.7628
0.7526
0.757
0.7608
0.7556
0.7544
0.763
0.7516
0.7498
0.743
0.7602
0.7478
0.7666
0.7552
0.7514
0.7516
0.7526
0.7548
0.743
0.743
0.7548
0.764
0.7594
0.7552
0.7602
0.7536
0.7576
0.7616
0.7372
0.7552
0.7686
0.7576
0.751
0.7482
0.7514
0.7458
0.7458
0.7466
0.7542
0.7496
0.7608
0.7544
0.7482
0.7446
0.7478
0.7556
0.7558
0.7538
0.743
0.749
0.7514
0.7538
0.74
0.7486
0.7542
0.7464
0.7468
0.7398
0.7584
0.7468
0.7424
0.751
0.7374
0.7592
0.7498
0.7586
0.7346
0.7486
0.744
0.745
0.754
0.754
0.7496
0.7456
0.7492
0.7466
0.7552
0.745
0.757
0.7384
0.7566
0.7426
0.7488
0.753
0.7438
0.7464
0.7472
0.75
0.7438
0.7472
0.7512
0.7494
0.7438
0.747
0.7494
0.748
0.7528
0.749
0.7342
0.7382
0.7608
0.7542
0.7414
0.749
0.7496
0.7496
0.741
0.7434
0.7494
0.733
0.748
0.7376
0.7498
0.7474
0.7526
0.7448
0.7546
0.7428
0.7434
0.754
0.7422
0.7474
0.7462
0.7516
0.7442
0.7462
0.7572
0.746
0.7476
0.75
0.7478
0.7504
0.751
0.7398
0.759
0.7586
0.7446
0.7544
0.754
0.753
0.7378
0.7514
0.7434
0.7404
0.7428
0.75
0.7522
0.7432
0.7516
0.7458
0.7616
0.7462
0.7568
0.753
0.7564
0.7436
0.7448
0.7598
0.7456
0.7498
0.7582
0.7474
0.7524
0.7438
0.7496
0.7452
0.7456
0.746
0.7534
0.7404
0.7516
0.7454
0.7566
0.7524
0.7386
0.7432
0.7512
0.743
0.7508
0.7556
0.7368
0.7494
0.7446
0.7494
0.7494
0.747
0.7482
0.7586
0.7514
0.7506
0.7442
0.74
0.7406
0.7374
0.7484
0.7404
0.7504
0.7432
0.7442
0.7442
0.7464
0.7434
0.7488
0.7514
0.7454
0.7448
0.7546
0.7462
0.7542
0.7474
0.7462
0.7382
0.7434
0.756
0.7596
0.7444
0.7568
0.7438
0.74
0.7504
0.7472
0.7318
0.7492
0.7356
0.7508
0.7488
0.751
0.7502
0.7528
0.7376
0.749
0.75
0.7436
0.7494
0.7464
0.7392
0.74874974994999
