0.97
0.9536
0.9374
0.9196
0.9144
0.908
0.8978
0.9
0.8828
0.875
0.8746
0.8752
0.8678
0.8484
0.8628
0.8538
0.8558
0.843
0.844
0.8466
0.8432
0.8382
0.84
0.835
0.8328
0.8372
0.817
0.8244
0.8282
0.8228
0.8282
0.8142
0.8128
0.8118
0.8148
0.811
0.8094
0.8076
0.8068
0.8174
0.8094
0.8148
0.8052
0.8018
0.8034
0.7968
0.8036
0.806
0.813
0.8054
0.7992
0.8058
0.7976
0.7894
0.8016
0.7954
0.7856
0.795
0.793
0.8054
0.7884
0.7894
0.7908
0.7892
0.7924
0.7876
0.7944
0.7972
0.7814
0.791
0.7944
0.7908
0.7882
0.7922
0.7868
0.7874
0.7782
0.7848
0.786
0.786
0.7846
0.7818
0.781
0.778
0.784
0.7772
0.7782
0.7756
0.79
0.7838
0.7786
0.7842
0.7786
0.7852
0.794
0.7712
0.7876
0.7908
0.7866
0.7832
0.7798
0.7836
0.78
0.7804
0.7728
0.7822
0.7748
0.7864
0.7758
0.7688
0.7772
0.776
0.7798
0.7894
0.7804
0.7734
0.775
0.7776
0.774
0.775
0.7744
0.7748
0.7748
0.7726
0.772
0.7818
0.7786
0.7772
0.7702
0.7668
0.78
0.774
0.785
0.7614
0.7768
0.767
0.768
0.775
0.7752
0.7836
0.7754
0.7754
0.7746
0.7824
0.7796
0.7794
0.7606
0.7766
0.7688
0.7676
0.774
0.7672
0.7664
0.7736
0.771
0.7644
0.7766
0.7676
0.7794
0.765
0.7696
0.7738
0.761
0.7728
0.7824
0.7632
0.7546
0.784
0.7806
0.7652
0.7708
0.7684
0.7764
0.7548
0.767
0.7658
0.761
0.784
0.7614
0.771
0.7662
0.773
0.7708
0.7734
0.7658
0.7684
0.7692
0.7676
0.7688
0.768
0.7642
0.7688
0.767
0.7728
0.7682
0.7676
0.7596
0.7728
0.769
0.7616
0.766
0.7608
0.7742
0.7724
0.7734
0.7684
0.772
0.7678
0.7716
0.7588
0.7618
0.767
0.7686
0.7678
0.7666
0.7656
0.7734
0.7766
0.7672
0.7722
0.7664
0.7702
0.7624
0.759
0.7682
0.7582
0.773
0.7734
0.7626
0.7662
0.7628
0.7664
0.766
0.765
0.7644
0.7666
0.7708
0.7742
0.7622
0.772
0.767
0.7596
0.7608
0.7604
0.769
0.7706
0.762
0.7642
0.77
0.7618
0.7692
0.7604
0.7692
0.7716
0.7792
0.7636
0.7632
0.7598
0.7512
0.7662
0.7632
0.7706
0.7612
0.7672
0.7688
0.7604
0.7626
0.7678
0.7698
0.7626
0.7646
0.7572
0.769
0.7808
0.769
0.7662
0.7554
0.7648
0.7548
0.7588
0.768
0.763
0.7656
0.7692
0.7572
0.7596
0.7646
0.7638
0.7552
0.77
0.752
0.7626
0.7638
0.7716
0.7732
0.7718
0.748
0.768
0.7646
0.7684
0.7566
0.7666
0.76
0.762752550510102
