0.8244
0.8216
0.8226
0.8056
0.815
0.8124
0.8038
0.8128
0.8024
0.7956
0.8078
0.8066
0.8064
0.8034
0.813
0.8046
0.8146
0.8056
0.8052
0.818
0.8124
0.806
0.801
0.8108
0.8046
0.8026
0.803
0.8168
0.8052
0.8026
0.8078
0.7972
0.8062
0.8052
0.8068
0.8056
0.7984
0.805
0.8042
0.8126
0.8104
0.8088
0.7932
0.8058
0.8122
0.7974
0.8124
0.8066
0.8208
0.8134
0.803
0.8044
0.8046
0.8002
0.8048
0.8016
0.8044
0.8028
0.8036
0.8112
0.8052
0.802
0.8096
0.807
0.8086
0.8044
0.8088
0.814
0.8002
0.8108
0.8162
0.802
0.8036
0.8124
0.8036
0.8108
0.8034
0.806
0.8012
0.8126
0.8084
0.804
0.797
0.8022
0.808
0.798
0.8038
0.807
0.8168
0.806
0.8094
0.8114
0.8034
0.8114
0.811
0.7968
0.8084
0.8228
0.8068
0.8052
0.8004
0.806
0.8056
0.8118
0.8036
0.8084
0.8
0.8114
0.809
0.8062
0.8032
0.8078
0.8134
0.809
0.809
0.7984
0.8076
0.8098
0.8016
0.8026
0.8026
0.8076
0.8024
0.808
0.8006
0.8142
0.806
0.8084
0.798
0.8054
0.8124
0.8038
0.8158
0.7966
0.806
0.7968
0.7984
0.8154
0.8072
0.8126
0.8004
0.8094
0.806
0.811
0.8106
0.809
0.7982
0.8142
0.797
0.806
0.8024
0.807
0.8072
0.812
0.8108
0.7992
0.803
0.8066
0.8156
0.8032
0.8038
0.8078
0.7964
0.8106
0.8174
0.7906
0.7958
0.8104
0.8118
0.8022
0.805
0.8018
0.8106
0.8014
0.8124
0.802
0.7988
0.807
0.7932
0.8016
0.8014
0.81
0.8112
0.804
0.8028
0.8002
0.8102
0.8112
0.811
0.803
0.8052
0.8098
0.7994
0.8196
0.8034
0.8112
0.8088
0.8042
0.8026
0.805
0.7988
0.8064
0.8144
0.8018
0.813
0.807
0.8126
0.8066
0.8072
0.8032
0.8036
0.8038
0.8064
0.8036
0.8082
0.808
0.8058
0.8186
0.803
0.812
0.8032
0.813
0.8052
0.8018
0.8136
0.7978
0.8078
0.8132
0.801
0.8118
0.7956
0.8024
0.8054
0.801
0.799
0.8064
0.8058
0.8084
0.8074
0.8204
0.8014
0.8042
0.8066
0.8142
0.807
0.8168
0.8098
0.8024
0.8082
0.8054
0.8102
0.8032
0.8098
0.8132
0.8132
0.8106
0.7988
0.8024
0.7996
0.8066
0.8082
0.8066
0.7992
0.8066
0.8094
0.8068
0.8036
0.8068
0.809
0.8016
0.8052
0.7994
0.8052
0.8158
0.8064
0.81
0.8072
0.809
0.7998
0.805
0.8192
0.8082
0.8044
0.8154
0.8
0.8044
0.8058
0.8094
0.7944
0.8064
0.7956
0.8096
0.8058
0.8086
0.8108
0.8084
0.789
0.8084
0.8096
0.8102
0.805
0.807
0.8024
0.8161632326465293
