0.99
0.96
0.79
0.99
0.97
0.9
0.99
0.97
0.88
0.99
0.99
0.95
1.0
0.99
0.92
0.982
0.951
0.841
0.98
0.949
0.845
0.975
0.959
0.841
0.985
0.946
0.876
0.962
0.943
0.881
0.956
0.958
0.911
0.95
0.955
0.911
0.952
0.953
0.899
0.928
0.926
0.903
0.925
0.943
0.923
0.962
0.963
0.859
0.977
0.972
0.868
0.974
0.951
0.88
0.967
0.964
0.902
0.949
0.95
0.9
0.945
0.96
0.928
0.939
0.944
0.892
0.921
0.933
0.919
0.914
0.921
0.913
0.918
0.926
0.909
0.894
0.911
0.907
0.876
0.913
0.919
0.895
0.914
0.912
0.867
0.904
0.914
0.98
0.95
0.848
0.984
0.969
0.842
0.971
0.956
0.889
0.969
0.965
0.882
0.948
0.959
0.884
0.954
0.959
0.9
0.945
0.954
0.893
0.919
0.923
0.925
0.912
0.922
0.891
0.918
0.932
0.918
0.893
0.912
0.901
0.875
0.901
0.913
0.893
0.912
0.922
0.874
0.896
0.91
0.877
0.895
0.907
0.858
0.891
0.93
0.859
0.89
0.922
0.858
0.871
0.918
0.828
0.862
0.913
0.825
0.855
0.928
0.86
0.883
0.91
0.835
0.864
0.916
0.828
0.861
0.914
0.83
0.861
0.925
0.827
0.85
0.916
