1.0
1.0
1.0
0.99
0.99
0.99
0.98
0.98
0.98
0.98
0.99
0.99
1.0
1.0
1.0
0.984
0.99
0.988
0.984
0.99
0.988
0.987
0.993
0.992
0.975
0.988
0.981
0.957
0.975
0.97
0.954
0.971
0.964
0.959
0.977
0.972
0.947
0.978
0.967
0.933
0.963
0.944
0.941
0.966
0.954
0.984
0.99
0.988
0.972
0.981
0.978
0.952
0.971
0.964
0.96
0.973
0.97
0.965
0.979
0.974
0.967
0.976
0.973
0.949
0.963
0.955
0.938
0.96
0.952
0.937
0.958
0.953
0.946
0.957
0.956
0.938
0.957
0.948
0.936
0.957
0.946
0.938
0.955
0.947
0.984
0.99
0.988
0.972
0.981
0.978
0.952
0.971
0.964
0.96
0.973
0.97
0.965
0.979
0.974
0.967
0.976
0.973
0.949
0.963
0.955
0.938
0.96
0.952
0.937
0.958
0.953
0.946
0.957
0.956
0.938
0.957
0.948
0.936
0.957
0.946
0.938
0.955
0.947
0.93
0.953
0.945
0.914
0.94
0.931
0.915
0.941
0.928
0.912
0.942
0.931
0.907
0.931
0.922
0.908
0.932
0.915
0.907
0.924
0.918
0.909
0.927
0.917
0.916
0.934
0.927
0.905
0.921
0.914
0.898
0.925
0.913
0.906
