0.99
0.99
0.99
0.98
0.98
0.98
0.98
0.98
0.98
0.93
0.96
0.99
0.93
0.96
1.0
0.872
0.932
0.967
0.877
0.93
0.971
0.92
0.943
0.979
0.836
0.917
0.968
0.838
0.889
0.948
0.814
0.884
0.956
0.835
0.892
0.959
0.807
0.89
0.954
0.813
0.893
0.944
0.832
0.9
0.952
0.877
0.924
0.971
0.869
0.927
0.961
0.833
0.907
0.954
0.85
0.901
0.961
0.818
0.892
0.959
0.833
0.911
0.96
0.813
0.907
0.959
0.82
0.892
0.947
0.807
0.887
0.948
0.834
0.902
0.957
0.83
0.889
0.949
0.805
0.887
0.946
0.834
0.9
0.952
0.882
0.925
0.976
0.868
0.925
0.964
0.836
0.908
0.954
0.852
0.899
0.958
0.819
0.887
0.959
0.828
0.91
0.963
0.813
0.896
0.964
0.815
0.9
0.95
0.808
0.887
0.949
0.835
0.904
0.955
0.838
0.9
0.95
0.804
0.888
0.95
0.832
0.894
0.957
0.82
0.888
0.94
0.84
0.889
0.947
0.818
0.879
0.948
0.819
0.889
0.946
0.818
0.875
0.933
0.799
0.86
0.929
0.805
0.876
0.947
0.834
0.892
0.944
0.814
0.868
0.942
0.802
0.893
0.938
0.822
0.883
0.945
