0.9605
0.958
0.9365
0.919
0.902
0.878
0.8755
0.8635
0.8485
0.826
0.8385
0.828
0.825
0.8295
0.818
0.7975
0.807
0.8065
0.8015
0.8065
0.793
0.779
0.779
0.7585
0.7995
0.7945
0.7765
0.784
0.789
0.7745
0.781
0.769
0.783
0.775
0.774
0.776
0.779
0.774
0.7815
0.7765
0.768
0.7675
0.7865
0.7625
0.774
0.779
0.7615
0.772
0.7945
0.7635
0.7745
0.7765
0.7705
0.778
0.7725
0.7685
0.7545
0.7835
0.775
0.7525
0.7575
0.7695
0.7675
0.759
0.7715
0.763
0.7555
0.7625
0.786
0.764
0.754
0.767
0.758
0.7715
0.752
0.7555
0.7605
0.751
0.75
0.747
0.755
0.7555
0.743
0.741
0.7695
0.752
0.7565
0.7645
0.7645
0.7525
0.7595
0.744
0.734
0.7625
0.7535
0.7585
0.754
0.7545
0.765
0.7555
0.754
0.7645
0.756
0.748
0.751
0.746
0.723
0.751
0.7555
0.756
0.762
0.743
0.756
0.7525
0.7405
0.7425
0.76
0.7445
0.757
0.758
0.7725
0.762
0.758
0.7525
0.755
0.747
0.7345
0.7525
0.757
0.7585
0.748
0.757
0.741
0.7515
0.7665
0.7515
0.7415
0.7555
0.7455
0.736
0.746
0.7365
0.7645
0.748
0.7605
0.743
0.752
0.7575
0.7575
0.7625
0.749
0.7515
0.7425
0.746
0.742
0.746
0.7605
0.7485
0.753
0.7605
0.748
0.7495
0.7445
0.746
0.7535
0.754
0.745
0.7625
0.756
0.749
0.733
0.744
0.7545
0.7525
0.7335
0.7705
0.751
0.749
0.7595
0.737
0.7605
0.746
0.751
0.7525
0.7455
0.7325
0.765
0.751
0.731
0.7475
0.7295
0.7485
0.7605
0.7405
0.728
0.7435
0.7645
0.753
0.7485
0.758
0.7385
0.7435
0.7515
0.749
0.766
0.7415
0.7255
0.7365
0.7615
0.741
0.7565
0.744
0.723
0.7445
0.7255
0.7505
0.741
0.74
0.7585
0.7585
0.7515
0.7435
0.759
0.7445
0.745
0.758
0.756
0.76
0.7555
0.7545
0.733
0.745
0.755
0.748
0.7495
0.756
0.7575
0.727
0.734
0.744
0.762
0.762
0.7575
0.7615
0.7505
0.751
0.747
0.737
0.758
0.749
0.746
0.7365
0.753
0.7445
0.747
0.7355
0.7345
0.7485
0.747
0.7545
0.7435
0.7345
0.757
0.7335
0.744
0.744
0.753
0.7525
0.7645
0.737
0.763
0.7475
0.748
0.725
0.745
0.7305
0.748
0.73
0.7455
0.74
0.744
0.754
0.7665
0.7385
0.7565
0.7385
0.7555
0.75
0.731
0.738
0.7425
0.7545
0.7645
0.7405
0.764
0.741
0.7395
0.742
0.7375
0.758
0.7295
0.7435
0.7375
0.749
0.7505
0.7455
0.7305
0.753
0.738
0.7395
0.733
0.7335
0.76
0.7585
0.7435
0.749
0.731
0.747
0.7435
0.7545
0.7415
0.7455
0.7315
0.724
0.7605
0.741
0.745
0.7465
0.75
0.744
0.762
0.7365
0.729
0.7365
0.7465
0.742
0.745
0.747
0.751
0.7585
0.733
0.737
0.7495
0.759
0.752
0.7445
0.749
0.7565
0.7475
0.746
0.7395
0.745
0.7395
0.743
0.738
0.7405
0.7465
0.759
0.7585
0.7515
0.7395
0.7475
0.756
0.738
0.734
0.746
0.723
0.759
0.747
0.7425
0.7255
0.7505
0.739
0.743
0.75
0.762
0.746
0.733
0.747
0.7405
0.7375
0.742
0.7505
0.7345
0.7325
0.7495
0.7545
0.748
0.7375
0.733
0.737
0.7545
0.7405
0.7565
0.7445
0.743
0.7535
0.742
0.7285
0.7415
0.753
0.731
0.7495
0.759
0.7385
0.752
0.7395
0.7535
0.7485
0.7365
0.75
0.745
0.7465
0.725
0.7285
0.7285
0.7465
0.7405
0.7585
0.7565
0.753
0.7315
0.734
0.74
0.741
0.7605
0.742
0.7425
0.743
0.7475
0.735
0.7485
0.743
0.718
0.7355
0.7355
0.752
0.7555
0.733
0.7435
0.7245
0.725
0.7495
0.7355
0.734
0.719
0.741
0.7255
0.759
0.7265
0.744
0.755
0.744
0.7405
0.732
0.74
0.761
0.748
0.7465
0.735
0.7355
0.741
0.736
0.7275
0.733
0.7455
0.763
0.73
0.734
0.737
0.755
0.743
0.737
0.7435
0.751
0.7385
0.7445
0.741
0.7285
0.728
0.7555
0.7455
0.7465
0.75
0.7425
0.7375
0.7575
0.744
0.747
0.735
0.749
0.7585
0.7465
0.7545
0.7385
0.734
0.7465
0.7355
0.7625
0.7335
0.73
0.754
0.7475
0.7495
0.739
0.753
0.752
0.741
0.7465
0.738
0.753
0.765
0.75
0.757
0.7535
0.741
0.74
