0.9355
0.95
0.9385
0.919
0.9155
0.9055
0.8995
0.8915
0.881
0.8655
0.8645
0.851
0.844
0.855
0.8415
0.824
0.835
0.8225
0.8295
0.829
0.8135
0.8015
0.803
0.791
0.8055
0.81
0.7925
0.7915
0.8075
0.799
0.7975
0.7855
0.7975
0.791
0.7935
0.7925
0.797
0.7915
0.8
0.791
0.7905
0.7825
0.7995
0.7825
0.786
0.7895
0.7745
0.787
0.7935
0.78
0.78
0.786
0.778
0.7855
0.779
0.7725
0.762
0.7835
0.78
0.7665
0.766
0.781
0.764
0.767
0.7765
0.7755
0.769
0.766
0.794
0.7665
0.759
0.775
0.7685
0.7815
0.7655
0.764
0.7655
0.7585
0.7605
0.756
0.767
0.7625
0.7505
0.7465
0.779
0.758
0.7655
0.772
0.766
0.77
0.7665
0.75
0.7465
0.7705
0.7565
0.778
0.756
0.7625
0.7695
0.7635
0.7545
0.775
0.7645
0.762
0.7585
0.7575
0.7385
0.762
0.759
0.7715
0.7655
0.757
0.763
0.759
0.749
0.752
0.763
0.761
0.7645
0.766
0.779
0.7675
0.7575
0.76075
0.7595
0.7565
0.749
0.7645
0.758
0.769
0.755
0.7635
0.7505
0.754
0.7705
0.755
0.743
0.76
0.7555
0.751
0.7515
0.735
0.7655
0.7465
0.7665
0.7475
0.7585
0.7665
0.763
0.7635
0.7595
0.758
0.749
0.749
0.7525
0.7535
0.7685
0.7595
0.7595
0.7645
0.7515
0.757
0.751
0.749
0.76
0.7605
0.7505
0.7615
0.7565
0.763
0.747
0.748
0.7565
0.757
0.746
0.78
0.756
0.752
0.7595
0.7445
0.764
0.7565
0.7635
0.764
0.757
0.743
0.7705
0.7545
0.734
0.748
0.736
0.7515
0.7655
0.751
0.735
0.753
0.772
0.772
0.759
0.7675
0.745
0.753
0.756
0.7495
0.767
0.749
0.7345
0.746
0.767
0.746
0.758
0.7485
0.731
0.755
0.731
0.754
0.7425
0.747
0.769
0.7675
0.772
0.748
0.7675
0.7555
0.7525
0.757
0.76
0.767
0.754
0.7635
0.743
0.7505
0.7705
0.751
0.7605
0.7615
0.7515
0.735
0.7425
0.747
0.763
0.7655
0.7685
0.7695
0.7525
0.7595
0.755
0.735
0.7635
0.754
0.755
0.742
0.749
0.753
0.7525
0.7385
0.7405
0.747
0.7485
0.753
0.7495
0.7405
0.765
0.7435
0.7455
0.7515
0.756
0.758
0.7675
0.7475
0.7665
0.751
0.7585
0.736
0.75
0.73
0.757
0.7405
0.7525
0.743
0.762
0.763
0.769
0.741
0.757
0.7475
0.7565
0.7465
0.739
0.743
0.7505
0.76
0.768
0.736
0.7635
0.7555
0.741
0.747
0.732
0.7615
0.7345
0.7505
0.7445
0.764
0.7555
0.743
0.734
0.754
0.746
0.7385
0.7375
0.74
0.7575
0.7675
0.7465
0.757
0.737
0.739
0.7455
0.7625
0.744
0.7425
0.7355
0.737
0.7685
0.7435
0.7525
0.754
0.7535
0.7555
0.7615
0.7475
0.73
0.739
0.748
0.752
0.7515
0.7385
0.748
0.7695
0.7365
0.738
0.744
0.758
0.7585
0.7555
0.7515
0.7495
0.7465
0.751
0.7415
0.7515
0.7455
0.7455
0.739
0.7495
0.7535
0.7605
0.7535
0.7465
0.7455
0.759
0.757
0.7485
0.7325
0.755
0.733
0.767
0.7445
0.74
0.733
0.759
0.7445
0.7515
0.746
0.7575
0.753
0.743
0.7425
0.75
0.7425
0.7475
0.7505
0.747
0.736
0.7515
0.755
0.752
0.736
0.7435
0.7445
0.752
0.742
0.7645
0.7465
0.75
0.757
0.744
0.734
0.7445
0.753
0.734
0.7555
0.7605
0.7445
0.7595
0.7475
0.7555
0.7435
0.7515
0.746
0.745
0.745
0.728
0.737
0.7425
0.752
0.7485
0.7705
0.761
0.754
0.7395
0.7445
0.7395
0.7485
0.7535
0.749
0.7495
0.7525
0.7475
0.7465
0.753
0.7525
0.7255
0.7285
0.747
0.7555
0.7615
0.7375
0.7495
0.7335
0.7295
0.7505
0.7415
0.743
0.728
0.7475
0.7385
0.7605
0.7335
0.75
0.7685
0.753
0.7485
0.7335
0.742
0.765
0.7555
0.7515
0.7365
0.745
0.75
0.7505
0.737
0.751
0.7465
0.7725
0.7335
0.7355
0.737
0.7595
0.7455
0.7365
0.7525
0.7565
0.7465
0.7525
0.741
0.7395
0.7305
0.756
0.7555
0.7555
0.7595
0.748
0.7445
0.7515
0.7435
0.7505
0.7345
0.7475
0.7625
0.7425
0.7535
0.756
0.7395
0.7495
0.7445
0.7645
0.7395
0.7355
0.762
0.757
0.7505
0.749
0.766
0.747
0.748
0.748
0.7435
0.7535
0.7635
0.7515
0.7565
0.7585
0.741
0.7475
