0.8585
0.8735
0.9045
0.882
0.8915
0.892
0.8845
0.884
0.8905
0.901
0.887
0.8945
0.8995
0.9055
0.903
0.904
0.9105
0.895
0.9035
0.9175
0.905
0.89
0.89
0.8995
0.917
0.9025
0.879
0.8875
0.914
0.894
0.9005
0.9
0.907
0.916
0.9025
0.9145
0.921
0.907
0.895
0.904
0.912
0.897
0.897
0.9015
0.9145
0.908
0.9145
0.9105
0.915
0.908
0.8995
0.9065
0.9005
0.91
0.895
0.903
0.898
0.925
0.9065
0.909
0.904
0.9095
0.909
0.9095
0.911
0.902
0.8975
0.9135
0.9095
0.899
0.915
0.9115
0.8935
0.8895
0.904
0.9075
0.893
0.92
0.9015
0.911
0.9015
0.8915
0.8955
0.893
0.9115
0.9045
0.8945
0.9005
0.888
0.9035
0.904
0.9
0.903
0.906
0.911
0.918
0.9065
0.895
0.9125
0.9035
0.9115
0.9045
0.912
0.9085
0.8995
0.8955
0.8915
0.911
0.906
0.8845
0.8915
0.8905
0.906
0.9185
0.889
0.883
0.9075
0.904
0.873
0.906
0.9035
0.905
0.8925
0.88675
0.8685
0.9015
0.885
0.9005
0.8925
0.895
0.907
0.896
0.8925
0.895
0.9035
0.8965
0.9035
0.899
0.876
0.8855
0.887
0.8885
0.907
0.886
0.907
0.9065
0.9095
0.895
0.9
0.8895
0.882
0.897
0.9015
0.891
0.8725
0.9055
0.894
0.9025
0.893
0.9045
0.9
0.908
0.892
0.895
0.894
0.8995
0.895
0.901
0.896
0.8895
0.886
0.8895
0.887
0.8845
0.887
0.915
0.8895
0.8975
0.879
0.8915
0.8975
0.902
0.9035
0.9005
0.8895
0.8865
0.8855
0.9145
0.883
0.8885
0.8875
0.8935
0.8905
0.8985
0.8965
0.897
0.9035
0.907
0.9075
0.9095
0.8925
0.8905
0.9065
0.8935
0.897
0.902
0.8865
0.8905
0.9005
0.893
0.9015
0.8965
0.897
0.885
0.895
0.8935
0.906
0.8995
0.8955
0.8945
0.9015
0.9
0.893
0.876
0.896
0.899
0.892
0.907
0.894
0.9085
0.893
0.902
0.8925
0.9035
0.9015
0.8805
0.895
0.886
0.904
0.881
0.906
0.9025
0.905
0.9015
0.891
0.8985
0.908
0.885
0.91
0.909
0.9075
0.897
0.889
0.8955
0.8955
0.9
0.8945
0.8985
0.9015
0.892
0.8985
0.8915
0.9045
0.898
0.8915
0.8975
0.8955
0.894
0.8975
0.898
0.905
0.8915
0.9065
0.8805
0.893
0.875
0.895
0.8815
0.898
0.8945
0.905
0.8785
0.872
0.8985
0.9045
0.88
0.8995
0.8925
0.883
0.9015
0.906
0.898
0.9095
0.898
0.887
0.893
0.894
0.8925
0.888
0.897
0.8885
0.893
0.8885
0.8925
0.896
0.8915
0.892
0.8895
0.8855
0.9015
0.9015
0.8805
0.9025
0.8995
0.906
0.8915
0.868
0.8995
0.8905
0.8925
0.9015
0.8855
0.906
0.903
0.8895
0.8765
0.899
0.8895
0.907
0.9085
0.905
0.891
0.885
0.888
0.8975
0.8815
0.89
0.888
0.8895
0.8795
0.8835
0.901
0.898
0.8925
0.8975
0.911
0.8875
0.8875
0.903
0.8965
0.892
0.891
0.8915
0.8985
0.898
0.89
0.891
0.891
0.8935
0.8905
0.897
0.899
0.8955
0.9045
0.8795
0.882
0.889
0.898
0.887
0.9005
0.882
0.881
0.8975
0.8905
0.9025
0.8955
0.8935
0.891
0.898
0.864
0.8765
0.905
0.894
0.892
0.884
0.871
0.8855
0.901
0.8685
0.8925
0.8915
0.891
0.91
0.8925
0.8965
0.9155
0.8955
0.919
0.887
0.8895
0.888
0.888
0.9005
0.89
0.911
0.903
0.8925
0.903
0.8985
0.898
0.903
0.8835
0.8925
0.886
0.8735
0.892
0.8895
0.894
0.891
0.901
0.9
0.89
0.8925
0.889
0.891
0.899
0.8975
0.8865
0.894
0.893
0.901
0.903
0.897
0.89
0.906
0.9115
0.898
0.892
0.895
0.8965
0.896
0.8895
0.8995
0.8955
0.884
0.8925
0.896
0.8815
0.894
0.8865
0.9025
0.8965
0.8995
0.878
0.8995
0.9015
0.8995
0.9
0.88
0.887
0.9025
0.8975
0.896
0.87
0.908
0.895
0.9075
0.893
0.8825
0.9085
0.89
0.8825
0.881
0.8975
0.903
0.886
0.8925
0.882
0.8765
0.8855
0.9065
0.9025
0.893
0.899
0.8995
0.8885
0.8935
0.8875
0.8935
0.904
0.896
0.904
0.8795
0.9035
0.8965
0.8915
0.885
0.879
0.917
0.8965
0.8915
0.8885
0.8985
0.889
0.906
0.8825
0.887
0.8905
0.897
0.883
0.8975
0.8945
0.896
0.8845
0.886
0.8955
0.886
