0.9045
0.8965
0.8915
0.8875
0.8945
0.8835
0.8885
0.8885
0.878
0.8635
0.877
0.875
0.8735
0.8845
0.885
0.864
0.8695
0.8815
0.8665
0.877
0.868
0.8585
0.854
0.859
0.859
0.8745
0.8665
0.865
0.874
0.861
0.8595
0.8665
0.864
0.8595
0.8665
0.8715
0.872
0.874
0.864
0.867
0.864
0.862
0.865
0.8525
0.864
0.8705
0.8575
0.872
0.883
0.8655
0.866
0.8625
0.8625
0.8745
0.86
0.8575
0.853
0.8775
0.8655
0.858
0.8565
0.867
0.8635
0.8675
0.8545
0.865
0.855
0.873
0.8735
0.8575
0.858
0.872
0.8495
0.87
0.863
0.8585
0.8735
0.854
0.8475
0.8615
0.8585
0.865
0.857
0.851
0.87
0.857
0.8615
0.866
0.8585
0.8535
0.8595
0.853
0.8525
0.8665
0.8665
0.857
0.8585
0.8625
0.865
0.8595
0.8595
0.871
0.8715
0.858
0.853
0.851
0.8315
0.851
0.8635
0.854
0.8545
0.868
0.857
0.862
0.839
0.8505
0.86
0.856
0.837
0.867
0.8645
0.8665
0.8605
0.85725
0.8485
0.851
0.8545
0.8605
0.857
0.852
0.8535
0.8545
0.838
0.8555
0.8565
0.851
0.8485
0.8655
0.8405
0.851
0.8555
0.852
0.875
0.8545
0.862
0.8605
0.854
0.857
0.8605
0.85
0.8645
0.8455
0.8555
0.8495
0.845
0.851
0.8675
0.852
0.8575
0.854
0.86
0.8565
0.8535
0.833
0.8575
0.862
0.8465
0.86
0.863
0.8545
0.8435
0.855
0.8625
0.8575
0.856
0.8725
0.854
0.848
0.8545
0.8455
0.8515
0.852
0.861
0.8555
0.857
0.848
0.872
0.8645
0.8425
0.851
0.8555
0.862
0.871
0.8405
0.8445
0.8475
0.8595
0.8525
0.852
0.8665
0.844
0.856
0.8525
0.855
0.8615
0.849
0.8435
0.85
0.854
0.856
0.8435
0.862
0.844
0.8455
0.8385
0.8555
0.847
0.858
0.85
0.864
0.8615
0.8475
0.8525
0.846
0.854
0.859
0.8585
0.8645
0.8645
0.851
0.845
0.8475
0.8615
0.848
0.8525
0.8565
0.852
0.8495
0.8495
0.856
0.855
0.8505
0.8715
0.8605
0.843
0.8475
0.8535
0.836
0.8575
0.8565
0.8525
0.847
0.8435
0.8625
0.87
0.8435
0.8565
0.854
0.868
0.8495
0.8565
0.8435
0.851
0.857
0.847
0.8465
0.8425
0.8415
0.865
0.8525
0.866
0.86
0.855
0.838
0.844
0.8415
0.8355
0.841
0.8655
0.848
0.85
0.857
0.8485
0.8555
0.859
0.845
0.847
0.8495
0.827
0.839
0.854
0.8605
0.858
0.839
0.856
0.852
0.8445
0.844
0.852
0.862
0.842
0.862
0.8505
0.8485
0.8505
0.8465
0.839
0.8605
0.848
0.852
0.8425
0.847
0.861
0.8585
0.8615
0.8545
0.843
0.866
0.8555
0.8585
0.8385
0.8445
0.8465
0.857
0.8675
0.833
0.8635
0.8395
0.8525
0.856
0.8655
0.8485
0.8395
0.8375
0.8495
0.847
0.8435
0.8375
0.8535
0.853
0.838
0.8545
0.86
0.8455
0.862
0.852
0.8555
0.8405
0.856
0.8545
0.843
0.8475
0.852
0.855
0.839
0.8475
0.8555
0.846
0.8545
0.8575
0.8485
0.854
0.859
0.8515
0.833
0.851
0.8385
0.8585
0.8415
0.855
0.8435
0.8495
0.859
0.841
0.8415
0.842
0.8465
0.86
0.84
0.846
0.843
0.852
0.854
0.844
0.843
0.8565
0.848
0.861
0.829
0.8525
0.842
0.8375
0.851
0.851
0.849
0.859
0.8595
0.838
0.843
0.846
0.8515
0.8455
0.8535
0.865
0.841
0.8485
0.8475
0.867
0.852
0.859
0.8585
0.85
0.846
0.827
0.834
0.84
0.8505
0.848
0.8505
0.8535
0.86
0.8535
0.8525
0.844
0.8485
0.8575
0.852
0.852
0.839
0.8485
0.8685
0.8445
0.8485
0.8455
0.8595
0.8595
0.846
0.8505
0.834
0.8455
0.841
0.8535
0.8595
0.8475
0.8375
0.844
0.8415
0.8445
0.8465
0.839
0.848
0.838
0.8645
0.8395
0.859
0.8425
0.8615
0.8415
0.858
0.8535
0.8505
0.856
0.8455
0.841
0.852
0.8505
0.8665
0.849
0.8385
0.8495
0.863
0.8595
0.8305
0.858
0.853
0.8435
0.8505
0.844
0.841
0.831
0.8545
0.8625
0.854
0.8595
0.8425
0.8455
0.847
0.8495
0.8565
0.84
0.85
0.8525
0.8455
0.8435
0.861
0.8595
0.846
0.8335
0.8705
0.8495
0.847
0.8495
0.845
0.8485
0.846
0.8585
0.852
0.84
0.8395
0.8395
0.854
0.8465
0.845
0.844
0.8575
0.8475
0.855
