0.961
0.953
0.9555
0.941
0.949
0.941
0.9445
0.941
0.9325
0.9335
0.936
0.9335
0.9285
0.931
0.9395
0.928
0.933
0.933
0.9365
0.9305
0.9245
0.919
0.9115
0.9265
0.924
0.9295
0.9305
0.9245
0.922
0.922
0.9175
0.9295
0.915
0.9215
0.9115
0.9205
0.925
0.9195
0.9035
0.916
0.9275
0.9145
0.9125
0.9095
0.9235
0.913
0.9135
0.9185
0.93
0.9185
0.9115
0.922
0.9205
0.9265
0.905
0.913
0.91
0.922
0.9085
0.914
0.9095
0.9235
0.9095
0.914
0.912
0.9125
0.908
0.909
0.9255
0.9125
0.9205
0.9165
0.899
0.915
0.9125
0.903
0.9115
0.915
0.903
0.921
0.9075
0.912
0.901
0.898
0.9165
0.903
0.914
0.914
0.904
0.9025
0.912
0.9005
0.8985
0.913
0.9125
0.905
0.9135
0.91
0.915
0.897
0.903
0.9165
0.9175
0.9095
0.9
0.9005
0.8885
0.9095
0.9055
0.901
0.908
0.914
0.9005
0.9145
0.888
0.902
0.9145
0.908
0.894
0.912
0.9135
0.903
0.9045
0.8965
0.898
0.898
0.9035
0.913
0.9
0.8995
0.8995
0.907
0.8955
0.9035
0.9095
0.902
0.904
0.9095
0.8985
0.9105
0.8985
0.902
0.925
0.898
0.903
0.906
0.903
0.897
0.9
0.89
0.8955
0.8865
0.904
0.894
0.8935
0.9
0.9115
0.8955
0.904
0.9055
0.9035
0.9175
0.901
0.8925
0.9085
0.9045
0.8955
0.9025
0.9085
0.9075
0.8885
0.897
0.904
0.9025
0.899
0.911
0.887
0.8985
0.905
0.8945
0.9005
0.902
0.903
0.9025
0.9
0.8965
0.9165
0.91
0.895
0.9085
0.897
0.8935
0.908
0.894
0.8915
0.8975
0.903
0.906
0.908
0.9145
0.896
0.902
0.8985
0.898
0.891
0.899
0.8915
0.89
0.9075
0.9025
0.893
0.9065
0.8885
0.8905
0.889
0.904
0.8885
0.8925
0.8885
0.9025
0.907
0.887
0.8995
0.894
0.8965
0.9005
0.897
0.9075
0.907
0.8955
0.8945
0.896
0.9095
0.9075
0.8955
0.8955
0.8925
0.8925
0.8965
0.8955
0.897
0.898
0.907
0.902
0.897
0.8975
0.8985
0.893
0.908
0.898
0.9015
0.896
0.8825
0.8985
0.9005
0.902
0.892
0.9015
0.9105
0.8925
0.8975
0.899
0.906
0.8945
0.8965
0.898
0.891
0.892
0.903
0.902
0.9105
0.906
0.9015
0.888
0.896
0.886
0.8825
0.8955
0.9085
0.896
0.9005
0.907
0.9035
0.8895
0.9
0.8925
0.9035
0.893
0.883
0.893
0.9025
0.9035
0.9005
0.888
0.892
0.897
0.8855
0.8915
0.8995
0.9135
0.8915
0.9035
0.908
0.899
0.8855
0.8935
0.897
0.9005
0.8965
0.904
0.8895
0.886
0.899
0.9
0.8985
0.898
0.892
0.9045
0.889
0.9045
0.888
0.889
0.888
0.8995
0.907
0.8845
0.9035
0.8895
0.892
0.9015
0.903
0.8905
0.8885
0.889
0.891
0.892
0.886
0.8905
0.8955
0.901
0.886
0.8955
0.901
0.8975
0.9
0.901
0.8955
0.9055
0.8985
0.906
0.8945
0.9005
0.8965
0.9045
0.8885
0.893
0.9015
0.894
0.899
0.901
0.8995
0.902
0.8945
0.903
0.884
0.891
0.883
0.906
0.888
0.9075
0.881
0.897
0.904
0.887
0.8895
0.9015
0.8855
0.9
0.893
0.8905
0.89
0.8855
0.892
0.895
0.887
0.8955
0.8885
0.8935
0.884
0.898
0.8945
0.8965
0.8985
0.9055
0.893
0.904
0.896
0.8925
0.897
0.9005
0.898
0.8895
0.9035
0.898
0.894
0.8925
0.893
0.9035
0.8925
0.898
0.8965
0.898
0.889
0.8765
0.883
0.891
0.8995
0.8895
0.8885
0.896
0.9025
0.8875
0.8985
0.8825
0.8925
0.9
0.89
0.891
0.8855
0.8935
0.9095
0.8965
0.8965
0.8915
0.9005
0.904
0.8975
0.8965
0.893
0.8955
0.8915
0.9035
0.8965
0.898
0.8825
0.9015
0.895
0.891
0.893
0.887
0.891
0.8895
0.9125
0.8845
0.9015
0.8905
0.906
0.889
0.903
0.8945
0.897
0.9025
0.893
0.8965
0.8955
0.89
0.9135
0.8975
0.8825
0.8975
0.904
0.9015
0.886
0.8995
0.8995
0.889
0.893
0.883
0.892
0.879
0.9
0.8965
0.906
0.9005
0.8965
0.8885
0.888
0.8945
0.898
0.895
0.9025
0.897
0.885
0.885
0.9095
0.8985
0.8995
0.8865
0.9145
0.8975
0.894
0.898
0.8915
0.8995
0.8955
0.902
0.893
0.889
0.8825
0.8875
0.8905
0.8915
0.892
0.887
0.8835
0.889
0.8895
