0.8605
0.842
0.8145
0.819
0.8245
0.8155
0.8285
0.829
0.817
0.7975
0.825
0.814
0.814
0.825
0.8185
0.803
0.8115
0.818
0.808
0.8155
0.801
0.801
0.7985
0.789
0.81
0.8195
0.8
0.8025
0.816
0.8055
0.801
0.8055
0.8125
0.797
0.807
0.8045
0.811
0.8135
0.8135
0.806
0.8095
0.8025
0.8145
0.807
0.805
0.8115
0.8
0.811
0.8355
0.809
0.811
0.8105
0.8095
0.8185
0.809
0.804
0.7975
0.825
0.8075
0.803
0.7925
0.814
0.7985
0.806
0.809
0.8095
0.8045
0.8045
0.823
0.8065
0.7985
0.823
0.793
0.8165
0.804
0.812
0.8075
0.799
0.801
0.803
0.81
0.8065
0.808
0.795
0.8215
0.807
0.818
0.818
0.809
0.798
0.8095
0.7935
0.789
0.809
0.807
0.81
0.8055
0.81
0.8235
0.807
0.8035
0.809
0.812
0.811
0.809
0.8035
0.784
0.801
0.8045
0.8095
0.8175
0.8125
0.805
0.807
0.792
0.8025
0.8145
0.8115
0.7935
0.817
0.8195
0.8185
0.811
0.81525
0.799
0.807
0.806
0.8085
0.8085
0.8085
0.7985
0.8055
0.791
0.812
0.8205
0.796
0.793
0.8085
0.7965
0.802
0.8075
0.789
0.824
0.7965
0.814
0.8065
0.806
0.8165
0.8135
0.8025
0.8145
0.801
0.803
0.796
0.808
0.8105
0.8165
0.806
0.806
0.8085
0.8115
0.8125
0.807
0.8025
0.8125
0.803
0.8
0.817
0.817
0.8135
0.792
0.801
0.8145
0.8135
0.804
0.8335
0.8015
0.805
0.8035
0.8015
0.8125
0.8075
0.814
0.8155
0.8145
0.793
0.823
0.8125
0.7945
0.8
0.8105
0.804
0.816
0.794
0.797
0.8045
0.8195
0.817
0.8075
0.8205
0.795
0.801
0.8085
0.811
0.8125
0.8065
0.787
0.7975
0.817
0.8095
0.8065
0.819
0.792
0.8025
0.787
0.819
0.7965
0.808
0.806
0.8185
0.821
0.799
0.81
0.811
0.807
0.8105
0.8095
0.812
0.817
0.816
0.8015
0.81
0.825
0.8035
0.811
0.8145
0.801
0.783
0.8025
0.8075
0.813
0.815
0.8305
0.8165
0.7975
0.814
0.8125
0.7945
0.8205
0.8025
0.8055
0.799
0.803
0.813
0.811
0.813
0.8025
0.807
0.8175
0.8125
0.802
0.799
0.813
0.808
0.8045
0.798
0.8065
0.813
0.822
0.802
0.8245
0.818
0.809
0.7945
0.8025
0.7985
0.7985
0.8035
0.817
0.8085
0.806
0.8165
0.813
0.8035
0.8185
0.8
0.81
0.8015
0.7885
0.7965
0.814
0.8195
0.817
0.796
0.8035
0.8
0.8
0.8
0.803
0.8185
0.787
0.8155
0.809
0.8085
0.808
0.8115
0.792
0.8145
0.812
0.7985
0.8055
0.8015
0.8165
0.8195
0.813
0.8185
0.7975
0.813
0.811
0.8065
0.799
0.805
0.812
0.8105
0.826
0.7955
0.818
0.797
0.806
0.82
0.8165
0.8085
0.794
0.7995
0.8105
0.804
0.803
0.7915
0.812
0.8155
0.79
0.8075
0.818
0.814
0.8295
0.811
0.809
0.8095
0.8165
0.8125
0.8005
0.8055
0.8125
0.8075
0.798
0.8105
0.8145
0.8175
0.8085
0.8155
0.8115
0.811
0.81
0.813
0.791
0.8085
0.8025
0.826
0.8005
0.8065
0.786
0.807
0.8105
0.8005
0.807
0.8005
0.8015
0.8185
0.8
0.8025
0.812
0.811
0.8175
0.8
0.801
0.8165
0.8055
0.8125
0.7955
0.8175
0.8035
0.8045
0.8045
0.8135
0.813
0.8205
0.8315
0.8035
0.795
0.807
0.8125
0.794
0.8155
0.8235
0.7975
0.8045
0.7995
0.8215
0.8075
0.814
0.82
0.8085
0.8035
0.781
0.791
0.7995
0.8145
0.809
0.815
0.814
0.82
0.809
0.801
0.797
0.7995
0.8115
0.813
0.8045
0.8055
0.8045
0.8195
0.809
0.811
0.7945
0.8185
0.8195
0.806
0.8085
0.8025
0.8055
0.801
0.8
0.815
0.8065
0.795
0.7965
0.801
0.803
0.8105
0.797
0.8015
0.812
0.818
0.8065
0.8195
0.803
0.8145
0.809
0.811
0.802
0.806
0.816
0.8115
0.7965
0.8045
0.8055
0.8355
0.8075
0.803
0.8135
0.8135
0.8045
0.7975
0.8185
0.8115
0.8045
0.8035
0.809
0.8025
0.7835
0.82
0.8145
0.8155
0.826
0.8
0.8065
0.804
0.803
0.8205
0.804
0.8055
0.823
0.8145
0.797
0.808
0.808
0.804
0.7875
0.819
0.8035
0.801
0.807
0.806
0.8105
0.808
0.819
0.8125
0.809
0.807
0.807
0.8155
0.811
0.81
0.8145
0.8185
0.8075
0.818
